queryId | docId | score | precision | recall
27 | CACM-2297 | 14.835192099077453 | 1.0 | 0.034482758620689655
27 | CACM-2069 | 12.404254920367903 | 0.5 | 0.034482758620689655
27 | CACM-1752 | 11.793408623544272 | 0.6666666666666666 | 0.06896551724137931
27 | CACM-2358 | 11.533066155555389 | 0.5 | 0.06896551724137931
27 | CACM-2319 | 11.451016937066353 | 0.4 | 0.06896551724137931
27 | CACM-3006 | 11.204707319655807 | 0.3333333333333333 | 0.06896551724137931
27 | CACM-1751 | 11.122427186275505 | 0.2857142857142857 | 0.06896551724137931
27 | CACM-1892 | 11.075035877887565 | 0.25 | 0.06896551724137931
27 | CACM-2374 | 11.011730575468238 | 0.2222222222222222 | 0.06896551724137931
27 | CACM-2902 | 10.115326819753083 | 0.3 | 0.10344827586206896
27 | CACM-2406 | 9.98888906693465 | 0.2727272727272727 | 0.10344827586206896
27 | CACM-1753 | 9.640381457474136 | 0.25 | 0.10344827586206896
27 | CACM-2988 | 9.337238621115814 | 0.3076923076923077 | 0.13793103448275862
27 | CACM-2372 | 9.227174760993357 | 0.2857142857142857 | 0.13793103448275862
27 | CACM-3067 | 9.184797783689218 | 0.26666666666666666 | 0.13793103448275862
27 | CACM-3000 | 9.000082820579927 | 0.3125 | 0.1724137931034483
27 | CACM-1901 | 8.919656113947065 | 0.35294117647058826 | 0.20689655172413793
27 | CACM-2740 | 8.785714096251489 | 0.3333333333333333 | 0.20689655172413793
27 | CACM-1728 | 8.7073863610441 | 0.3157894736842105 | 0.20689655172413793
27 | CACM-1750 | 8.593074844489948 | 0.35 | 0.2413793103448276
27 | CACM-2314 | 8.572542745316106 | 0.3333333333333333 | 0.2413793103448276
27 | CACM-2867 | 8.506137964654275 | 0.3181818181818182 | 0.2413793103448276
27 | CACM-2379 | 8.469088677496874 | 0.30434782608695654 | 0.2413793103448276
27 | CACM-3026 | 8.239960988658378 | 0.2916666666666667 | 0.2413793103448276
27 | CACM-3050 | 8.237410349453636 | 0.28 | 0.2413793103448276
27 | CACM-3028 | 8.226078522737415 | 0.2692307692307692 | 0.2413793103448276
27 | CACM-2017 | 8.206884074864599 | 0.25925925925925924 | 0.2413793103448276
27 | CACM-2669 | 8.138531817837626 | 0.2857142857142857 | 0.27586206896551724
27 | CACM-2864 | 8.012392472930317 | 0.3103448275862069 | 0.3103448275862069
27 | CACM-2624 | 7.93811446702543 | 0.3 | 0.3103448275862069
27 | CACM-1747 | 7.908232160731042 | 0.2903225806451613 | 0.3103448275862069
27 | CACM-2622 | 7.781444436010917 | 0.28125 | 0.3103448275862069
27 | CACM-2625 | 7.6840663038077395 | 0.2727272727272727 | 0.3103448275862069
27 | CACM-2582 | 7.629465637864479 | 0.2647058823529412 | 0.3103448275862069
27 | CACM-2378 | 7.504462060305168 | 0.2571428571428571 | 0.3103448275862069
27 | CACM-2095 | 7.298863312101565 | 0.2777777777777778 | 0.3448275862068966
27 | CACM-2357 | 7.297652951228344 | 0.2702702702702703 | 0.3448275862068966
27 | CACM-1810 | 7.101684482852082 | 0.2631578947368421 | 0.3448275862068966
27 | CACM-3112 | 7.059654975899447 | 0.2564102564102564 | 0.3448275862068966
27 | CACM-1698 | 6.932564850621637 | 0.25 | 0.3448275862068966
27 | CACM-1725 | 6.832396472651158 | 0.24390243902439024 | 0.3448275862068966
27 | CACM-2481 | 6.758307537612584 | 0.2619047619047619 | 0.3793103448275862
27 | CACM-1456 | 6.711581293564336 | 0.2558139534883721 | 0.3793103448275862
27 | CACM-2502 | 6.601337481058797 | 0.25 | 0.3793103448275862
27 | CACM-1708 | 6.570615910099074 | 0.24444444444444444 | 0.3793103448275862
27 | CACM-2868 | 6.538616671194398 | 0.2391304347826087 | 0.3793103448275862
27 | CACM-2967 | 6.461153714226719 | 0.23404255319148937 | 0.3793103448275862
27 | CACM-1657 | 6.442944527642592 | 0.22916666666666666 | 0.3793103448275862
27 | CACM-2365 | 6.415290655337669 | 0.22448979591836735 | 0.3793103448275862
27 | CACM-1541 | 6.401399947718209 | 0.22 | 0.3793103448275862
27 | CACM-2479 | 6.384283053410459 | 0.21568627450980393 | 0.3793103448275862
27 | CACM-2681 | 6.384061918285648 | 0.21153846153846154 | 0.3793103448275862
27 | CACM-2311 | 6.360622487320489 | 0.20754716981132076 | 0.3793103448275862
27 | CACM-2852 | 6.3447720742396685 | 0.2037037037037037 | 0.3793103448275862
27 | CACM-2345 | 6.315001631909263 | 0.2 | 0.3793103448275862
27 | CACM-2500 | 6.303494356185484 | 0.19642857142857142 | 0.3793103448275862
27 | CACM-3011 | 6.3005781782828345 | 0.19298245614035087 | 0.3793103448275862
27 | CACM-1959 | 6.261370498606038 | 0.1896551724137931 | 0.3793103448275862
27 | CACM-2668 | 6.251346093841795 | 0.1864406779661017 | 0.3793103448275862
27 | CACM-1781 | 6.224890325282589 | 0.18333333333333332 | 0.3793103448275862
27 | CACM-2577 | 6.179233587083508 | 0.18032786885245902 | 0.3793103448275862
27 | CACM-3068 | 6.162113972068706 | 0.1774193548387097 | 0.3793103448275862
27 | CACM-2583 | 6.13454121525338 | 0.1746031746031746 | 0.3793103448275862
27 | CACM-0417 | 6.11022747387543 | 0.171875 | 0.3793103448275862
27 | CACM-1748 | 6.1073681748006425 | 0.16923076923076924 | 0.3793103448275862
27 | CACM-1267 | 6.07085788915659 | 0.16666666666666666 | 0.3793103448275862
27 | CACM-0856 | 6.036685025582794 | 0.16417910447761194 | 0.3793103448275862
27 | CACM-2689 | 6.034596529924542 | 0.16176470588235295 | 0.3793103448275862
27 | CACM-2407 | 5.991837963079531 | 0.15942028985507245 | 0.3793103448275862
27 | CACM-1461 | 5.97696358278883 | 0.15714285714285714 | 0.3793103448275862
27 | CACM-2127 | 5.971914056141467 | 0.15492957746478872 | 0.3793103448275862
27 | CACM-2198 | 5.927036204516227 | 0.1527777777777778 | 0.3793103448275862
27 | CACM-0059 | 5.921802351728163 | 0.1506849315068493 | 0.3793103448275862
27 | CACM-2985 | 5.896589931122239 | 0.14864864864864866 | 0.3793103448275862
27 | CACM-2798 | 5.878063515444947 | 0.16 | 0.41379310344827586
27 | CACM-1912 | 5.8775343831833355 | 0.15789473684210525 | 0.41379310344827586
27 | CACM-2111 | 5.8733853328861825 | 0.15584415584415584 | 0.41379310344827586
27 | CACM-0084 | 5.867704387918245 | 0.15384615384615385 | 0.41379310344827586
27 | CACM-1462 | 5.852525732432837 | 0.1518987341772152 | 0.41379310344827586
27 | CACM-2163 | 5.788324905844299 | 0.15 | 0.41379310344827586
27 | CACM-3142 | 5.765117799143143 | 0.14814814814814814 | 0.41379310344827586
27 | CACM-0086 | 5.763709844139555 | 0.14634146341463414 | 0.41379310344827586
27 | CACM-1083 | 5.75703839902666 | 0.14457831325301204 | 0.41379310344827586
27 | CACM-1928 | 5.746397833698657 | 0.14285714285714285 | 0.41379310344827586
27 | CACM-3092 | 5.708714063833104 | 0.1411764705882353 | 0.41379310344827586
27 | CACM-3148 | 5.701960976620101 | 0.13953488372093023 | 0.41379310344827586
27 | CACM-2262 | 5.699751307581942 | 0.13793103448275862 | 0.41379310344827586
27 | CACM-2317 | 5.688576406538958 | 0.13636363636363635 | 0.41379310344827586
27 | CACM-1247 | 5.687088357490907 | 0.1348314606741573 | 0.41379310344827586
27 | CACM-0320 | 5.674980802291573 | 0.13333333333333333 | 0.41379310344827586
27 | CACM-2859 | 5.670823760320486 | 0.14285714285714285 | 0.4482758620689655
27 | CACM-2106 | 5.666196538806344 | 0.14130434782608695 | 0.4482758620689655
27 | CACM-2482 | 5.645291170675023 | 0.13978494623655913 | 0.4482758620689655
27 | CACM-2840 | 5.636586000335237 | 0.13829787234042554 | 0.4482758620689655
27 | CACM-1924 | 5.58869094118586 | 0.1368421052631579 | 0.4482758620689655
27 | CACM-3177 | 5.573372385920482 | 0.13541666666666666 | 0.4482758620689655
27 | CACM-3025 | 5.570022879658239 | 0.13402061855670103 | 0.4482758620689655
27 | CACM-2080 | 5.544467135417448 | 0.1326530612244898 | 0.4482758620689655
27 | CACM-2818 | 5.535541227754527 | 0.1414141414141414 | 0.4827586206896552
27 | CACM-3090 | 5.533084204970134 | 0.14 | 0.4827586206896552
