queryId | docId | score | precision | recall
58 | CACM-2634 | 21.07580554325027 | 1.0 | 0.03333333333333333
58 | CACM-1946 | 18.74045183102469 | 0.5 | 0.03333333333333333
58 | CACM-3049 | 18.538037841813964 | 0.3333333333333333 | 0.03333333333333333
58 | CACM-1344 | 18.13878806765196 | 0.5 | 0.06666666666666667
58 | CACM-1709 | 17.754191867824662 | 0.6 | 0.1
58 | CACM-1695 | 17.67285945373881 | 0.5 | 0.1
58 | CACM-1474 | 17.04639022275431 | 0.42857142857142855 | 0.1
58 | CACM-1171 | 15.84335899364861 | 0.375 | 0.1
58 | CACM-3138 | 15.29819010645505 | 0.3333333333333333 | 0.1
58 | CACM-1816 | 14.95920962018226 | 0.3 | 0.1
58 | CACM-2167 | 13.779534202628415 | 0.2727272727272727 | 0.1
58 | CACM-1698 | 13.511743533575501 | 0.25 | 0.1
58 | CACM-2395 | 13.450894709731738 | 0.3076923076923077 | 0.13333333333333333
58 | CACM-2145 | 12.795422876094213 | 0.2857142857142857 | 0.13333333333333333
58 | CACM-1637 | 12.72376840022082 | 0.26666666666666666 | 0.13333333333333333
58 | CACM-1066 | 12.339616953470323 | 0.25 | 0.13333333333333333
58 | CACM-1691 | 12.232201704134368 | 0.29411764705882354 | 0.16666666666666666
58 | CACM-2216 | 12.129779831996018 | 0.2777777777777778 | 0.16666666666666666
58 | CACM-0536 | 12.111515895766729 | 0.2631578947368421 | 0.16666666666666666
58 | CACM-3150 | 12.060810796666289 | 0.25 | 0.16666666666666666
58 | CACM-3087 | 11.96414695055242 | 0.23809523809523808 | 0.16666666666666666
58 | CACM-2795 | 11.902105378198726 | 0.22727272727272727 | 0.16666666666666666
58 | CACM-3166 | 11.807379927030864 | 0.2608695652173913 | 0.2
58 | CACM-2849 | 11.670306178797937 | 0.25 | 0.2
58 | CACM-2645 | 11.455572344855463 | 0.24 | 0.2
58 | CACM-2999 | 11.434763666751135 | 0.23076923076923078 | 0.2
58 | CACM-1206 | 11.293460964003595 | 0.2222222222222222 | 0.2
58 | CACM-2062 | 11.21621883533994 | 0.21428571428571427 | 0.2
58 | CACM-1671 | 11.051678005702067 | 0.20689655172413793 | 0.2
58 | CACM-1433 | 11.008272103018264 | 0.2 | 0.2
58 | CACM-2604 | 10.959436688732469 | 0.1935483870967742 | 0.2
58 | CACM-1398 | 10.799764893360988 | 0.21875 | 0.23333333333333334
58 | CACM-1978 | 10.768239402672183 | 0.21212121212121213 | 0.23333333333333334
58 | CACM-1146 | 10.742262591734459 | 0.20588235294117646 | 0.23333333333333334
58 | CACM-2825 | 10.661737232229953 | 0.22857142857142856 | 0.26666666666666666
58 | CACM-2217 | 10.620083408207325 | 0.2222222222222222 | 0.26666666666666666
58 | CACM-1423 | 10.586608790250915 | 0.21621621621621623 | 0.26666666666666666
58 | CACM-2343 | 10.475053708320765 | 0.21052631578947367 | 0.26666666666666666
58 | CACM-2135 | 10.343891281262465 | 0.20512820512820512 | 0.26666666666666666
58 | CACM-1876 | 10.309830478113788 | 0.2 | 0.26666666666666666
58 | CACM-1631 | 10.188899029467374 | 0.21951219512195122 | 0.3
58 | CACM-2389 | 10.132789234711765 | 0.21428571428571427 | 0.3
58 | CACM-1252 | 9.850814695145026 | 0.20930232558139536 | 0.3
58 | CACM-2904 | 9.848993142566545 | 0.20454545454545456 | 0.3
58 | CACM-1396 | 9.80295719679061 | 0.2 | 0.3
58 | CACM-0322 | 9.757644245334298 | 0.1956521739130435 | 0.3
58 | CACM-1366 | 9.54115069950188 | 0.19148936170212766 | 0.3
58 | CACM-1420 | 9.53762394367824 | 0.20833333333333334 | 0.3333333333333333
58 | CACM-1411 | 9.524924582206044 | 0.22448979591836735 | 0.36666666666666664
58 | CACM-2665 | 9.523910899081702 | 0.22 | 0.36666666666666664
58 | CACM-1264 | 9.491456363037098 | 0.21568627450980393 | 0.36666666666666664
58 | CACM-2314 | 9.473727180931423 | 0.21153846153846154 | 0.36666666666666664
58 | CACM-1605 | 9.350661577395657 | 0.20754716981132076 | 0.36666666666666664
58 | CACM-1578 | 9.339257596155061 | 0.2037037037037037 | 0.36666666666666664
58 | CACM-1754 | 9.313777381819092 | 0.2 | 0.36666666666666664
58 | CACM-2868 | 9.29779417972152 | 0.19642857142857142 | 0.36666666666666664
58 | CACM-3067 | 9.293989817157676 | 0.19298245614035087 | 0.36666666666666664
58 | CACM-2525 | 9.170166114744946 | 0.1896551724137931 | 0.36666666666666664
58 | CACM-2771 | 9.113197113098657 | 0.1864406779661017 | 0.36666666666666664
58 | CACM-2890 | 9.07240768947861 | 0.18333333333333332 | 0.36666666666666664
58 | CACM-1750 | 9.007814585076071 | 0.18032786885245902 | 0.36666666666666664
58 | CACM-2324 | 8.958932223760456 | 0.1774193548387097 | 0.36666666666666664
58 | CACM-2188 | 8.936510762141744 | 0.1746031746031746 | 0.36666666666666664
58 | CACM-1997 | 8.929854593439742 | 0.171875 | 0.36666666666666664
58 | CACM-2812 | 8.906268711662234 | 0.16923076923076924 | 0.36666666666666664
58 | CACM-1824 | 8.773994458134204 | 0.16666666666666666 | 0.36666666666666664
58 | CACM-1875 | 8.765258058003289 | 0.16417910447761194 | 0.36666666666666664
58 | CACM-1032 | 8.731042938693443 | 0.16176470588235295 | 0.36666666666666664
58 | CACM-3086 | 8.714325577276686 | 0.15942028985507245 | 0.36666666666666664
58 | CACM-2306 | 8.711866524828372 | 0.15714285714285714 | 0.36666666666666664
58 | CACM-2994 | 8.71092716611721 | 0.15492957746478872 | 0.36666666666666664
58 | CACM-1802 | 8.701859660585853 | 0.1527777777777778 | 0.36666666666666664
58 | CACM-1195 | 8.68346522680659 | 0.1506849315068493 | 0.36666666666666664
58 | CACM-0865 | 8.68160072545469 | 0.14864864864864866 | 0.36666666666666664
58 | CACM-2198 | 8.610364518472593 | 0.14666666666666667 | 0.36666666666666664
58 | CACM-2245 | 8.573973534242153 | 0.14473684210526316 | 0.36666666666666664
58 | CACM-2114 | 8.50498167933056 | 0.14285714285714285 | 0.36666666666666664
58 | CACM-2379 | 8.444415322276566 | 0.14102564102564102 | 0.36666666666666664
58 | CACM-1801 | 8.421723929428945 | 0.13924050632911392 | 0.36666666666666664
58 | CACM-2218 | 8.407168464451486 | 0.1375 | 0.36666666666666664
58 | CACM-2380 | 8.387547715662068 | 0.13580246913580246 | 0.36666666666666664
58 | CACM-2787 | 8.38619002128119 | 0.13414634146341464 | 0.36666666666666664
58 | CACM-3131 | 8.355576761359439 | 0.13253012048192772 | 0.36666666666666664
58 | CACM-3105 | 8.289237658456033 | 0.13095238095238096 | 0.36666666666666664
58 | CACM-2319 | 8.255217499661768 | 0.12941176470588237 | 0.36666666666666664
58 | CACM-2632 | 8.247825659511868 | 0.12790697674418605 | 0.36666666666666664
58 | CACM-1238 | 8.213077882142084 | 0.12643678160919541 | 0.36666666666666664
58 | CACM-2470 | 8.203123939933251 | 0.125 | 0.36666666666666664
58 | CACM-2225 | 8.139740603584826 | 0.12359550561797752 | 0.36666666666666664
58 | CACM-2786 | 8.082731823266169 | 0.12222222222222222 | 0.36666666666666664
58 | CACM-1959 | 8.076006722986122 | 0.12087912087912088 | 0.36666666666666664
58 | CACM-2533 | 8.074064867552153 | 0.11956521739130435 | 0.36666666666666664
58 | CACM-2718 | 8.041039808948518 | 0.11827956989247312 | 0.36666666666666664
58 | CACM-2753 | 8.002379962483014 | 0.11702127659574468 | 0.36666666666666664
58 | CACM-2930 | 7.974260678170549 | 0.11578947368421053 | 0.36666666666666664
58 | CACM-1956 | 7.955631125581371 | 0.11458333333333333 | 0.36666666666666664
58 | CACM-2950 | 7.940358260952284 | 0.1134020618556701 | 0.36666666666666664
58 | CACM-1586 | 7.935892850965249 | 0.11224489795918367 | 0.36666666666666664
58 | CACM-2220 | 7.933203724482196 | 0.1111111111111111 | 0.36666666666666664
58 | CACM-1699 | 7.9023020231132515 | 0.11 | 0.36666666666666664
