queryId | docId | score | precision | recall
7 | CACM-3043 | 36.73610105299556 | 1.0 | 0.03571428571428571
7 | CACM-3128 | 26.667592911200902 | 1.0 | 0.07142857142857142
7 | CACM-1623 | 26.53453390178502 | 0.6666666666666666 | 0.07142857142857142
7 | CACM-2912 | 25.540983581338136 | 0.75 | 0.10714285714285714
7 | CACM-2865 | 24.4978949024837 | 0.8 | 0.14285714285714285
7 | CACM-2342 | 23.911714799607907 | 0.8333333333333334 | 0.17857142857142858
7 | CACM-2317 | 23.455715059582054 | 0.7142857142857143 | 0.17857142857142858
7 | CACM-2949 | 23.282352768900996 | 0.625 | 0.17857142857142858
7 | CACM-2376 | 22.934586397530666 | 0.6666666666666666 | 0.21428571428571427
7 | CACM-2111 | 21.647484934534244 | 0.6 | 0.21428571428571427
7 | CACM-3141 | 20.956350110391494 | 0.6363636363636364 | 0.25
7 | CACM-3148 | 20.61087256772323 | 0.6666666666666666 | 0.2857142857142857
7 | CACM-1381 | 20.303772158844964 | 0.6153846153846154 | 0.2857142857142857
7 | CACM-0616 | 20.232026825055144 | 0.5714285714285714 | 0.2857142857142857
7 | CACM-1854 | 19.82867297364333 | 0.5333333333333333 | 0.2857142857142857
7 | CACM-2740 | 19.730442125049994 | 0.5 | 0.2857142857142857
7 | CACM-2871 | 19.29780843265818 | 0.47058823529411764 | 0.2857142857142857
7 | CACM-2903 | 19.14741195021791 | 0.4444444444444444 | 0.2857142857142857
7 | CACM-2890 | 19.07867803202424 | 0.42105263157894735 | 0.2857142857142857
7 | CACM-1698 | 18.967689674128657 | 0.4 | 0.2857142857142857
7 | CACM-2033 | 18.51111745159635 | 0.38095238095238093 | 0.2857142857142857
7 | CACM-1397 | 18.272831024243494 | 0.36363636363636365 | 0.2857142857142857
7 | CACM-2905 | 17.60262984094268 | 0.34782608695652173 | 0.2857142857142857
7 | CACM-0046 | 17.536711245009403 | 0.3333333333333333 | 0.2857142857142857
7 | CACM-1135 | 17.278105881563487 | 0.32 | 0.2857142857142857
7 | CACM-2379 | 17.18447388285717 | 0.3076923076923077 | 0.2857142857142857
7 | CACM-2016 | 17.002603852643986 | 0.2962962962962963 | 0.2857142857142857
7 | CACM-3078 | 16.96736002186114 | 0.2857142857142857 | 0.2857142857142857
7 | CACM-1145 | 16.829615252035037 | 0.27586206896551724 | 0.2857142857142857
7 | CACM-2519 | 16.592226527623325 | 0.26666666666666666 | 0.2857142857142857
7 | CACM-2320 | 16.57460569755692 | 0.2903225806451613 | 0.32142857142857145
7 | CACM-2795 | 16.462513697500523 | 0.28125 | 0.32142857142857145
7 | CACM-3014 | 16.445407119721228 | 0.2727272727272727 | 0.32142857142857145
7 | CACM-2208 | 16.3834715026858 | 0.2647058823529412 | 0.32142857142857145
7 | CACM-1665 | 16.369465305316382 | 0.2571428571428571 | 0.32142857142857145
7 | CACM-2657 | 16.252982425443626 | 0.25 | 0.32142857142857145
7 | CACM-2402 | 16.242658911051333 | 0.24324324324324326 | 0.32142857142857145
7 | CACM-2439 | 15.852765336864111 | 0.23684210526315788 | 0.32142857142857145
7 | CACM-1440 | 15.763574768005514 | 0.23076923076923078 | 0.32142857142857145
7 | CACM-2378 | 15.731104387857298 | 0.225 | 0.32142857142857145
7 | CACM-2344 | 15.723517638436778 | 0.21951219512195122 | 0.32142857142857145
7 | CACM-1948 | 15.6768858046521 | 0.21428571428571427 | 0.32142857142857145
7 | CACM-1626 | 15.478590734827389 | 0.20930232558139536 | 0.32142857142857145
7 | CACM-2716 | 15.349751672911944 | 0.20454545454545456 | 0.32142857142857145
7 | CACM-2972 | 15.326432043178597 | 0.2 | 0.32142857142857145
7 | CACM-2581 | 15.232543611448765 | 0.1956521739130435 | 0.32142857142857145
7 | CACM-1771 | 15.162704330270792 | 0.19148936170212766 | 0.32142857142857145
7 | CACM-1601 | 14.983414303311145 | 0.1875 | 0.32142857142857145
7 | CACM-1886 | 14.95791319181895 | 0.1836734693877551 | 0.32142857142857145
7 | CACM-2895 | 14.821073224809709 | 0.2 | 0.35714285714285715
7 | CACM-1749 | 14.75712088134021 | 0.19607843137254902 | 0.35714285714285715
7 | CACM-1458 | 14.71300016781565 | 0.19230769230769232 | 0.35714285714285715
7 | CACM-2829 | 14.70501279004975 | 0.18867924528301888 | 0.35714285714285715
7 | CACM-2646 | 14.64205892385685 | 0.18518518518518517 | 0.35714285714285715
7 | CACM-1609 | 14.632745248643687 | 0.18181818181818182 | 0.35714285714285715
7 | CACM-2866 | 14.489297846999538 | 0.19642857142857142 | 0.39285714285714285
7 | CACM-2860 | 14.47964134587368 | 0.19298245614035087 | 0.39285714285714285
7 | CACM-2913 | 14.417009949466475 | 0.1896551724137931 | 0.39285714285714285
7 | CACM-1160 | 14.37879937766028 | 0.1864406779661017 | 0.39285714285714285
7 | CACM-0964 | 14.363100202114524 | 0.18333333333333332 | 0.39285714285714285
7 | CACM-2216 | 14.291562444269156 | 0.18032786885245902 | 0.39285714285714285
7 | CACM-0595 | 14.230736531073386 | 0.1774193548387097 | 0.39285714285714285
7 | CACM-2979 | 14.151827170715656 | 0.1746031746031746 | 0.39285714285714285
7 | CACM-1099 | 14.03602443659511 | 0.171875 | 0.39285714285714285
7 | CACM-2732 | 13.972155507949306 | 0.16923076923076924 | 0.39285714285714285
7 | CACM-2268 | 13.939650758116551 | 0.16666666666666666 | 0.39285714285714285
7 | CACM-0243 | 13.823150384744308 | 0.16417910447761194 | 0.39285714285714285
7 | CACM-2470 | 13.773463564034824 | 0.16176470588235295 | 0.39285714285714285
7 | CACM-3143 | 13.764627766730685 | 0.15942028985507245 | 0.39285714285714285
7 | CACM-0942 | 13.698879793287684 | 0.15714285714285714 | 0.39285714285714285
7 | CACM-1728 | 13.60169809819094 | 0.15492957746478872 | 0.39285714285714285
7 | CACM-1625 | 13.573160541793508 | 0.1527777777777778 | 0.39285714285714285
7 | CACM-2535 | 13.569346392052948 | 0.1506849315068493 | 0.39285714285714285
7 | CACM-3059 | 13.565870696628508 | 0.14864864864864866 | 0.39285714285714285
7 | CACM-2962 | 13.528875421300217 | 0.14666666666666667 | 0.39285714285714285
7 | CACM-2233 | 13.489006583850967 | 0.14473684210526316 | 0.39285714285714285
7 | CACM-2896 | 13.45232611669698 | 0.14285714285714285 | 0.39285714285714285
7 | CACM-1098 | 13.387659033013092 | 0.14102564102564102 | 0.39285714285714285
7 | CACM-2981 | 13.372646789039887 | 0.13924050632911392 | 0.39285714285714285
7 | CACM-1738 | 13.25747825249793 | 0.1375 | 0.39285714285714285
7 | CACM-1553 | 13.24076551764849 | 0.13580246913580246 | 0.39285714285714285
7 | CACM-1805 | 13.201801369435003 | 0.13414634146341464 | 0.39285714285714285
7 | CACM-2851 | 13.149882606881349 | 0.13253012048192772 | 0.39285714285714285
7 | CACM-3144 | 13.140678986334073 | 0.13095238095238096 | 0.39285714285714285
7 | CACM-2931 | 13.131440403156013 | 0.12941176470588237 | 0.39285714285714285
7 | CACM-2289 | 13.118911163775595 | 0.12790697674418605 | 0.39285714285714285
7 | CACM-3031 | 13.106658517323076 | 0.12643678160919541 | 0.39285714285714285
7 | CACM-1415 | 13.084517757171438 | 0.125 | 0.39285714285714285
7 | CACM-3104 | 13.06826313768255 | 0.12359550561797752 | 0.39285714285714285
7 | CACM-1706 | 13.047402881339204 | 0.12222222222222222 | 0.39285714285714285
7 | CACM-2777 | 12.997844375771571 | 0.13186813186813187 | 0.42857142857142855
7 | CACM-2802 | 12.992261434176438 | 0.13043478260869565 | 0.42857142857142855
7 | CACM-1427 | 12.968059609175981 | 0.12903225806451613 | 0.42857142857142855
7 | CACM-2377 | 12.966002006623752 | 0.1276595744680851 | 0.42857142857142855
7 | CACM-1003 | 12.963656389457094 | 0.12631578947368421 | 0.42857142857142855
7 | CACM-2406 | 12.921836487278188 | 0.125 | 0.42857142857142855
7 | CACM-1960 | 12.920695445526526 | 0.13402061855670103 | 0.4642857142857143
7 | CACM-2326 | 12.913514147289266 | 0.1326530612244898 | 0.4642857142857143
7 | CACM-2541 | 12.892286646262827 | 0.13131313131313133 | 0.4642857142857143
7 | CACM-2217 | 12.886868945176502 | 0.13 | 0.4642857142857143
