queryId | docId | score | precision | recall
16 | CACM-0243 | 14.989627566347037 | 0.0 | 0.0
16 | CACM-3141 | 14.648393286584996 | 0.0 | 0.0
16 | CACM-2080 | 14.356928589476588 | 0.0 | 0.0
16 | CACM-1750 | 12.199975253755104 | 0.0 | 0.0
16 | CACM-2740 | 11.792366103002951 | 0.0 | 0.0
16 | CACM-2522 | 11.460808042058208 | 0.0 | 0.0
16 | CACM-1854 | 11.448008815801042 | 0.14285714285714285 | 0.058823529411764705
16 | CACM-2378 | 11.332495912337844 | 0.25 | 0.11764705882352941
16 | CACM-1135 | 10.59954736914477 | 0.2222222222222222 | 0.11764705882352941
16 | CACM-2438 | 10.570610968738182 | 0.2 | 0.11764705882352941
16 | CACM-1846 | 10.506483755783693 | 0.18181818181818182 | 0.11764705882352941
16 | CACM-2931 | 10.146699503866767 | 0.16666666666666666 | 0.11764705882352941
16 | CACM-3157 | 10.09344134878873 | 0.15384615384615385 | 0.11764705882352941
16 | CACM-2949 | 10.04065471378442 | 0.14285714285714285 | 0.11764705882352941
16 | CACM-2217 | 9.660456337675239 | 0.13333333333333333 | 0.11764705882352941
16 | CACM-1003 | 9.5022154133655 | 0.125 | 0.11764705882352941
16 | CACM-3148 | 9.477567533819249 | 0.17647058823529413 | 0.17647058823529413
16 | CACM-2320 | 9.420119906573616 | 0.16666666666666666 | 0.17647058823529413
16 | CACM-2396 | 9.360170742615221 | 0.15789473684210525 | 0.17647058823529413
16 | CACM-2890 | 9.259157056274809 | 0.15 | 0.17647058823529413
16 | CACM-2168 | 9.229176446672266 | 0.14285714285714285 | 0.17647058823529413
16 | CACM-1928 | 9.127408124584635 | 0.13636363636363635 | 0.17647058823529413
16 | CACM-2376 | 9.041721160555035 | 0.17391304347826086 | 0.23529411764705882
16 | CACM-2424 | 8.939457472891917 | 0.16666666666666666 | 0.23529411764705882
16 | CACM-1698 | 8.934423826710109 | 0.16 | 0.23529411764705882
16 | CACM-2629 | 8.72364592236542 | 0.15384615384615385 | 0.23529411764705882
16 | CACM-3127 | 8.712298296797647 | 0.14814814814814814 | 0.23529411764705882
16 | CACM-3049 | 8.691600851412261 | 0.14285714285714285 | 0.23529411764705882
16 | CACM-1747 | 8.637471903063112 | 0.13793103448275862 | 0.23529411764705882
16 | CACM-2379 | 8.610296336469052 | 0.13333333333333333 | 0.23529411764705882
16 | CACM-1517 | 8.598152566798362 | 0.12903225806451613 | 0.23529411764705882
16 | CACM-2482 | 8.391448898713403 | 0.125 | 0.23529411764705882
16 | CACM-2188 | 8.3625019336533 | 0.12121212121212122 | 0.23529411764705882
16 | CACM-3073 | 8.09886744478706 | 0.14705882352941177 | 0.29411764705882354
16 | CACM-2777 | 8.028103054433636 | 0.14285714285714285 | 0.29411764705882354
16 | CACM-1199 | 8.001498785578683 | 0.1388888888888889 | 0.29411764705882354
16 | CACM-2342 | 7.970172221975112 | 0.16216216216216217 | 0.35294117647058826
16 | CACM-2950 | 7.947066058537764 | 0.15789473684210525 | 0.35294117647058826
16 | CACM-0409 | 7.908255655511203 | 0.15384615384615385 | 0.35294117647058826
16 | CACM-2750 | 7.897756171497987 | 0.15 | 0.35294117647058826
16 | CACM-3026 | 7.620340728693732 | 0.14634146341463414 | 0.35294117647058826
16 | CACM-2801 | 7.5088787869430735 | 0.14285714285714285 | 0.35294117647058826
16 | CACM-2407 | 7.484622759688363 | 0.13953488372093023 | 0.35294117647058826
16 | CACM-2345 | 7.459178595712295 | 0.13636363636363635 | 0.35294117647058826
16 | CACM-2184 | 7.440068131531884 | 0.13333333333333333 | 0.35294117647058826
16 | CACM-1706 | 7.295263077365772 | 0.13043478260869565 | 0.35294117647058826
16 | CACM-2920 | 7.240240306777614 | 0.1276595744680851 | 0.35294117647058826
16 | CACM-1484 | 7.229608018618346 | 0.125 | 0.35294117647058826
16 | CACM-1264 | 7.10652830544062 | 0.12244897959183673 | 0.35294117647058826
16 | CACM-1786 | 7.05400017330822 | 0.12 | 0.35294117647058826
16 | CACM-1749 | 7.0416033349065295 | 0.13725490196078433 | 0.4117647058823529
16 | CACM-1719 | 6.996581763944814 | 0.1346153846153846 | 0.4117647058823529
16 | CACM-1350 | 6.925180081793007 | 0.1320754716981132 | 0.4117647058823529
16 | CACM-1753 | 6.879720014902926 | 0.12962962962962962 | 0.4117647058823529
16 | CACM-2582 | 6.855492133464761 | 0.12727272727272726 | 0.4117647058823529
16 | CACM-2002 | 6.838536028406194 | 0.125 | 0.4117647058823529
16 | CACM-0825 | 6.77648507405743 | 0.12280701754385964 | 0.4117647058823529
16 | CACM-3039 | 6.726188547904619 | 0.1206896551724138 | 0.4117647058823529
16 | CACM-2017 | 6.71218461990474 | 0.11864406779661017 | 0.4117647058823529
16 | CACM-2470 | 6.712028814593333 | 0.11666666666666667 | 0.4117647058823529
16 | CACM-2733 | 6.706270244394409 | 0.11475409836065574 | 0.4117647058823529
16 | CACM-3021 | 6.702356203327024 | 0.11290322580645161 | 0.4117647058823529
16 | CACM-3119 | 6.7007241965077915 | 0.1111111111111111 | 0.4117647058823529
16 | CACM-1415 | 6.69184246378535 | 0.109375 | 0.4117647058823529
16 | CACM-2849 | 6.6845598292371395 | 0.1076923076923077 | 0.4117647058823529
16 | CACM-2535 | 6.674193145855675 | 0.10606060606060606 | 0.4117647058823529
16 | CACM-2688 | 6.6653952253704265 | 0.1044776119402985 | 0.4117647058823529
16 | CACM-2542 | 6.6330809683886605 | 0.10294117647058823 | 0.4117647058823529
16 | CACM-2273 | 6.6216160305786715 | 0.10144927536231885 | 0.4117647058823529
16 | CACM-2266 | 6.607536357983712 | 0.1 | 0.4117647058823529
16 | CACM-3081 | 6.569707264819375 | 0.09859154929577464 | 0.4117647058823529
16 | CACM-2622 | 6.552036525326885 | 0.09722222222222222 | 0.4117647058823529
16 | CACM-2128 | 6.494127067626724 | 0.0958904109589041 | 0.4117647058823529
16 | CACM-1349 | 6.470585404709624 | 0.0945945945945946 | 0.4117647058823529
16 | CACM-0435 | 6.424862160998061 | 0.09333333333333334 | 0.4117647058823529
16 | CACM-3023 | 6.299091687314139 | 0.09210526315789473 | 0.4117647058823529
16 | CACM-1748 | 6.244134409006733 | 0.09090909090909091 | 0.4117647058823529
16 | CACM-2795 | 6.2316908209807185 | 0.08974358974358974 | 0.4117647058823529
16 | CACM-1552 | 6.18640398105375 | 0.08860759493670886 | 0.4117647058823529
16 | CACM-3068 | 6.162113972068706 | 0.0875 | 0.4117647058823529
16 | CACM-1844 | 6.1420533859179045 | 0.08641975308641975 | 0.4117647058823529
16 | CACM-2519 | 6.087064400305069 | 0.08536585365853659 | 0.4117647058823529
16 | CACM-2198 | 6.060056899929284 | 0.08433734939759036 | 0.4117647058823529
16 | CACM-3064 | 6.032040791189283 | 0.08333333333333333 | 0.4117647058823529
16 | CACM-2717 | 6.000429104155251 | 0.08235294117647059 | 0.4117647058823529
16 | CACM-1461 | 5.97696358278883 | 0.08139534883720931 | 0.4117647058823529
16 | CACM-0618 | 5.943284576664993 | 0.08045977011494253 | 0.4117647058823529
16 | CACM-1541 | 5.932819955971 | 0.07954545454545454 | 0.4117647058823529
16 | CACM-3128 | 5.903378258067043 | 0.07865168539325842 | 0.4117647058823529
16 | CACM-2650 | 5.89743363939288 | 0.07777777777777778 | 0.4117647058823529
16 | CACM-1677 | 5.882669933707524 | 0.07692307692307693 | 0.4117647058823529
16 | CACM-2111 | 5.8733853328861825 | 0.07608695652173914 | 0.4117647058823529
16 | CACM-3078 | 5.865201862582511 | 0.07526881720430108 | 0.4117647058823529
16 | CACM-2218 | 5.864636281525913 | 0.07446808510638298 | 0.4117647058823529
16 | CACM-1462 | 5.852525732432837 | 0.07368421052631578 | 0.4117647058823529
16 | CACM-1534 | 5.8506605622731085 | 0.07291666666666667 | 0.4117647058823529
16 | CACM-3074 | 5.820989882082345 | 0.07216494845360824 | 0.4117647058823529
16 | CACM-2377 | 5.769296667673467 | 0.07142857142857142 | 0.4117647058823529
16 | CACM-2307 | 5.768529971191283 | 0.0707070707070707 | 0.4117647058823529
16 | CACM-1728 | 5.763436309257851 | 0.07 | 0.4117647058823529
