queryId | docId | score | precision | recall
9 | CACM-2849 | 19.460655176759232 | 0.0 | 0.0
9 | CACM-2949 | 17.160789829467678 | 0.0 | 0.0
9 | CACM-1745 | 15.849402158700698 | 0.0 | 0.0
9 | CACM-3076 | 14.715848445763061 | 0.0 | 0.0
9 | CACM-3158 | 14.149545305198167 | 0.2 | 0.1111111111111111
9 | CACM-2046 | 13.857914514601955 | 0.16666666666666666 | 0.1111111111111111
9 | CACM-2969 | 13.780559428905436 | 0.14285714285714285 | 0.1111111111111111
9 | CACM-2371 | 13.697708321310479 | 0.125 | 0.1111111111111111
9 | CACM-2578 | 13.026880931365888 | 0.1111111111111111 | 0.1111111111111111
9 | CACM-3128 | 12.859655343300325 | 0.2 | 0.2222222222222222
9 | CACM-2900 | 12.844635791021389 | 0.18181818181818182 | 0.2222222222222222
9 | CACM-3082 | 12.735690654627193 | 0.16666666666666666 | 0.2222222222222222
9 | CACM-2776 | 12.672613312694217 | 0.15384615384615385 | 0.2222222222222222
9 | CACM-3068 | 12.365491162460742 | 0.21428571428571427 | 0.3333333333333333
9 | CACM-1928 | 12.27486189851472 | 0.2 | 0.3333333333333333
9 | CACM-2372 | 11.886209657202128 | 0.25 | 0.4444444444444444
9 | CACM-2951 | 11.706723440264799 | 0.23529411764705882 | 0.4444444444444444
9 | CACM-1750 | 11.687886015023302 | 0.2222222222222222 | 0.4444444444444444
9 | CACM-2358 | 11.478564490168004 | 0.21052631578947367 | 0.4444444444444444
9 | CACM-1695 | 11.25767573065038 | 0.2 | 0.4444444444444444
9 | CACM-3174 | 11.140424241567167 | 0.19047619047619047 | 0.4444444444444444
9 | CACM-2621 | 11.123103377358502 | 0.18181818181818182 | 0.4444444444444444
9 | CACM-3141 | 11.050637964593722 | 0.17391304347826086 | 0.4444444444444444
9 | CACM-3137 | 10.831183753650931 | 0.16666666666666666 | 0.4444444444444444
9 | CACM-2424 | 10.706482938244303 | 0.16 | 0.4444444444444444
9 | CACM-1846 | 10.359763761686473 | 0.15384615384615385 | 0.4444444444444444
9 | CACM-2622 | 10.303974051406087 | 0.14814814814814814 | 0.4444444444444444
9 | CACM-1747 | 10.273684370184005 | 0.14285714285714285 | 0.4444444444444444
9 | CACM-2454 | 10.265622221102646 | 0.13793103448275862 | 0.4444444444444444
9 | CACM-2632 | 10.185443833201504 | 0.16666666666666666 | 0.5555555555555556
9 | CACM-3038 | 10.144004852968669 | 0.16129032258064516 | 0.5555555555555556
9 | CACM-3043 | 10.072377656639578 | 0.15625 | 0.5555555555555556
9 | CACM-3127 | 9.748944572492048 | 0.15151515151515152 | 0.5555555555555556
9 | CACM-1685 | 9.501916886822054 | 0.14705882352941177 | 0.5555555555555556
9 | CACM-2581 | 9.448662578708687 | 0.14285714285714285 | 0.5555555555555556
9 | CACM-2197 | 9.403777731401004 | 0.1388888888888889 | 0.5555555555555556
9 | CACM-1723 | 9.308987397948664 | 0.13513513513513514 | 0.5555555555555556
9 | CACM-2948 | 9.17208132522878 | 0.13157894736842105 | 0.5555555555555556
9 | CACM-3011 | 9.14309015190425 | 0.1282051282051282 | 0.5555555555555556
9 | CACM-1261 | 9.122664816573863 | 0.125 | 0.5555555555555556
9 | CACM-0828 | 9.09829086167897 | 0.12195121951219512 | 0.5555555555555556
9 | CACM-1611 | 9.006702478479362 | 0.11904761904761904 | 0.5555555555555556
9 | CACM-3133 | 8.933761231093923 | 0.11627906976744186 | 0.5555555555555556
9 | CACM-3032 | 8.92968052043695 | 0.11363636363636363 | 0.5555555555555556
9 | CACM-2890 | 8.900336801769072 | 0.1111111111111111 | 0.5555555555555556
9 | CACM-2892 | 8.838800651052107 | 0.10869565217391304 | 0.5555555555555556
9 | CACM-2614 | 8.827931072466889 | 0.10638297872340426 | 0.5555555555555556
9 | CACM-3040 | 8.767468971864105 | 0.10416666666666667 | 0.5555555555555556
9 | CACM-0441 | 8.73682375046214 | 0.10204081632653061 | 0.5555555555555556
9 | CACM-3111 | 8.538537891895324 | 0.12 | 0.6666666666666666
9 | CACM-2274 | 8.529568455196507 | 0.11764705882352941 | 0.6666666666666666
9 | CACM-0046 | 8.47185986073499 | 0.11538461538461539 | 0.6666666666666666
9 | CACM-1978 | 8.37378592567184 | 0.11320754716981132 | 0.6666666666666666
9 | CACM-2515 | 8.330171409326203 | 0.1111111111111111 | 0.6666666666666666
9 | CACM-3181 | 8.219133104820884 | 0.10909090909090909 | 0.6666666666666666
9 | CACM-3148 | 8.15815384532378 | 0.10714285714285714 | 0.6666666666666666
9 | CACM-2741 | 8.110278962286312 | 0.10526315789473684 | 0.6666666666666666
9 | CACM-2988 | 8.10130775641769 | 0.10344827586206896 | 0.6666666666666666
9 | CACM-2406 | 8.085782226260413 | 0.1016949152542373 | 0.6666666666666666
9 | CACM-1808 | 8.052431023942557 | 0.1 | 0.6666666666666666
9 | CACM-1032 | 8.043260627077343 | 0.09836065573770492 | 0.6666666666666666
9 | CACM-2137 | 8.004279411754785 | 0.0967741935483871 | 0.6666666666666666
9 | CACM-2870 | 7.986939937592812 | 0.1111111111111111 | 0.7777777777777778
9 | CACM-2626 | 7.908104256306751 | 0.109375 | 0.7777777777777778
9 | CACM-2947 | 7.8464574763056305 | 0.1076923076923077 | 0.7777777777777778
9 | CACM-3182 | 7.846159093278059 | 0.10606060606060606 | 0.7777777777777778
9 | CACM-3023 | 7.825635438410504 | 0.1044776119402985 | 0.7777777777777778
9 | CACM-2712 | 7.800367928069666 | 0.10294117647058823 | 0.7777777777777778
9 | CACM-2188 | 7.778273629522927 | 0.10144927536231885 | 0.7777777777777778
9 | CACM-3177 | 7.743194714131637 | 0.11428571428571428 | 0.8888888888888888
9 | CACM-1664 | 7.718856866772191 | 0.11267605633802817 | 0.8888888888888888
9 | CACM-2317 | 7.602340335593183 | 0.1111111111111111 | 0.8888888888888888
9 | CACM-1652 | 7.543758936194536 | 0.1095890410958904 | 0.8888888888888888
9 | CACM-2111 | 7.490908794160896 | 0.10810810810810811 | 0.8888888888888888
9 | CACM-2470 | 7.4157004053502735 | 0.10666666666666667 | 0.8888888888888888
9 | CACM-1290 | 7.355070930940637 | 0.10526315789473684 | 0.8888888888888888
9 | CACM-3070 | 7.343723786267942 | 0.1038961038961039 | 0.8888888888888888
9 | CACM-1946 | 7.2885995073949825 | 0.10256410256410256 | 0.8888888888888888
9 | CACM-2867 | 7.282913046391025 | 0.10126582278481013 | 0.8888888888888888
9 | CACM-3059 | 7.275368429372966 | 0.1 | 0.8888888888888888
9 | CACM-2840 | 7.230408548529924 | 0.09876543209876543 | 0.8888888888888888
9 | CACM-2198 | 7.202312669819711 | 0.0975609756097561 | 0.8888888888888888
9 | CACM-1247 | 7.058128263480796 | 0.0963855421686747 | 0.8888888888888888
9 | CACM-3153 | 7.042589818508853 | 0.09523809523809523 | 0.8888888888888888
9 | CACM-3028 | 6.99228731680594 | 0.09411764705882353 | 0.8888888888888888
9 | CACM-2151 | 6.884318241460653 | 0.09302325581395349 | 0.8888888888888888
9 | CACM-2482 | 6.8374989219099955 | 0.09195402298850575 | 0.8888888888888888
9 | CACM-2876 | 6.823715958194153 | 0.10227272727272728 | 1.0
9 | CACM-3021 | 6.807355533957221 | 0.10112359550561797 | 1.0
9 | CACM-3025 | 6.766650640296105 | 0.1 | 1.0
9 | CACM-1728 | 6.723636250098204 | 0.0989010989010989 | 1.0
9 | CACM-2080 | 6.715964405181377 | 0.09782608695652174 | 1.0
9 | CACM-2950 | 6.689625166877715 | 0.0967741935483871 | 1.0
9 | CACM-1461 | 6.668116744741911 | 0.09574468085106383 | 1.0
9 | CACM-1751 | 6.6553345048839825 | 0.09473684210526316 | 1.0
9 | CACM-1324 | 6.649221361939409 | 0.09375 | 1.0
9 | CACM-2319 | 6.618599534678747 | 0.09278350515463918 | 1.0
9 | CACM-2522 | 6.590564058602629 | 0.09183673469387756 | 1.0
9 | CACM-2597 | 6.582120446556294 | 0.09090909090909091 | 1.0
9 | CACM-2069 | 6.515157376163 | 0.09 | 1.0
