queryId | docId | score | precision | recall
61 | CACM-2711 | 26.807893056367497 | 1.0 | 0.03225806451612903
61 | CACM-2307 | 23.534372108271985 | 1.0 | 0.06451612903225806
61 | CACM-2451 | 21.678928964550227 | 1.0 | 0.0967741935483871
61 | CACM-1236 | 18.289396075068463 | 1.0 | 0.12903225806451613
61 | CACM-2916 | 16.81658887494095 | 0.8 | 0.12903225806451613
61 | CACM-2631 | 16.64509035839253 | 0.8333333333333334 | 0.16129032258064516
61 | CACM-2991 | 16.04072642200822 | 0.7142857142857143 | 0.16129032258064516
61 | CACM-3134 | 15.650405722973963 | 0.75 | 0.1935483870967742
61 | CACM-2160 | 15.241914283589004 | 0.7777777777777778 | 0.22580645161290322
61 | CACM-2746 | 15.155936679300538 | 0.7 | 0.22580645161290322
61 | CACM-2947 | 15.096143342323948 | 0.6363636363636364 | 0.22580645161290322
61 | CACM-2114 | 14.776909232468121 | 0.5833333333333334 | 0.22580645161290322
61 | CACM-2140 | 14.477363318067681 | 0.5384615384615384 | 0.22580645161290322
61 | CACM-2882 | 14.231517626191238 | 0.5 | 0.22580645161290322
61 | CACM-2561 | 13.855307052119992 | 0.4666666666666667 | 0.22580645161290322
61 | CACM-1194 | 13.396876524352244 | 0.4375 | 0.22580645161290322
61 | CACM-1935 | 13.344449094392973 | 0.4117647058823529 | 0.22580645161290322
61 | CACM-0634 | 13.31443539858708 | 0.3888888888888889 | 0.22580645161290322
61 | CACM-1927 | 12.998338356293756 | 0.42105263157894735 | 0.25806451612903225
61 | CACM-1457 | 12.911268532404351 | 0.45 | 0.2903225806451613
61 | CACM-2288 | 12.895473888275509 | 0.42857142857142855 | 0.2903225806451613
61 | CACM-1287 | 12.830944391144348 | 0.4090909090909091 | 0.2903225806451613
61 | CACM-2251 | 12.313206383124554 | 0.391304347826087 | 0.2903225806451613
61 | CACM-3072 | 12.294479843744151 | 0.375 | 0.2903225806451613
61 | CACM-2990 | 12.283696404205866 | 0.4 | 0.3225806451612903
61 | CACM-1830 | 12.240073714905204 | 0.4230769230769231 | 0.3548387096774194
61 | CACM-2107 | 12.155478794782734 | 0.4074074074074074 | 0.3548387096774194
61 | CACM-2109 | 12.061040831903298 | 0.39285714285714285 | 0.3548387096774194
61 | CACM-2258 | 11.862426553791211 | 0.3793103448275862 | 0.3548387096774194
61 | CACM-2976 | 11.751957882308105 | 0.4 | 0.3870967741935484
61 | CACM-2722 | 11.628896986706282 | 0.3870967741935484 | 0.3870967741935484
61 | CACM-2033 | 11.287035998756734 | 0.375 | 0.3870967741935484
61 | CACM-2437 | 11.224054615636456 | 0.36363636363636365 | 0.3870967741935484
61 | CACM-3041 | 11.072518437735127 | 0.35294117647058826 | 0.3870967741935484
61 | CACM-2965 | 10.854900352010686 | 0.37142857142857144 | 0.41935483870967744
61 | CACM-3168 | 10.836402107626217 | 0.3888888888888889 | 0.45161290322580644
61 | CACM-1700 | 10.809794335080198 | 0.3783783783783784 | 0.45161290322580644
61 | CACM-3169 | 10.799757165733185 | 0.39473684210526316 | 0.4838709677419355
61 | CACM-0239 | 10.770629506611701 | 0.38461538461538464 | 0.4838709677419355
61 | CACM-2968 | 10.716981064467022 | 0.375 | 0.4838709677419355
61 | CACM-2765 | 10.607307985313359 | 0.3902439024390244 | 0.5161290322580645
61 | CACM-2753 | 10.586542546782809 | 0.38095238095238093 | 0.5161290322580645
61 | CACM-2987 | 10.421163150473767 | 0.37209302325581395 | 0.5161290322580645
61 | CACM-2203 | 10.314045307103044 | 0.36363636363636365 | 0.5161290322580645
61 | CACM-1976 | 10.271521696246143 | 0.37777777777777777 | 0.5483870967741935
61 | CACM-2278 | 10.225354592350497 | 0.3695652173913043 | 0.5483870967741935
61 | CACM-1928 | 10.210172109308964 | 0.3617021276595745 | 0.5483870967741935
61 | CACM-1916 | 10.125513188314702 | 0.3541666666666667 | 0.5483870967741935
61 | CACM-1046 | 10.095709301706723 | 0.3469387755102041 | 0.5483870967741935
61 | CACM-2974 | 9.615597242252017 | 0.34 | 0.5483870967741935
61 | CACM-2018 | 9.548229449736294 | 0.3333333333333333 | 0.5483870967741935
61 | CACM-1699 | 9.405383441666462 | 0.3269230769230769 | 0.5483870967741935
61 | CACM-3147 | 9.398777249836444 | 0.32075471698113206 | 0.5483870967741935
61 | CACM-2524 | 9.361596521746606 | 0.3333333333333333 | 0.5806451612903226
61 | CACM-2575 | 9.335332641961228 | 0.34545454545454546 | 0.6129032258064516
61 | CACM-1992 | 9.333165092879142 | 0.3392857142857143 | 0.6129032258064516
61 | CACM-0397 | 9.251575958300931 | 0.3333333333333333 | 0.6129032258064516
61 | CACM-1032 | 9.201918997789804 | 0.3448275862068966 | 0.6451612903225806
61 | CACM-0944 | 8.913079643630915 | 0.3389830508474576 | 0.6451612903225806
61 | CACM-2688 | 8.855491278218384 | 0.3333333333333333 | 0.6451612903225806
61 | CACM-2860 | 8.783366385201585 | 0.32786885245901637 | 0.6451612903225806
61 | CACM-2795 | 8.771413026438772 | 0.3225806451612903 | 0.6451612903225806
61 | CACM-3129 | 8.726182619585074 | 0.31746031746031744 | 0.6451612903225806
61 | CACM-1455 | 8.667332766238918 | 0.3125 | 0.6451612903225806
61 | CACM-2494 | 8.636113277922805 | 0.3076923076923077 | 0.6451612903225806
61 | CACM-2883 | 8.61029900072504 | 0.30303030303030304 | 0.6451612903225806
61 | CACM-1886 | 8.428553854544036 | 0.29850746268656714 | 0.6451612903225806
61 | CACM-0615 | 8.321930574620742 | 0.29411764705882354 | 0.6451612903225806
61 | CACM-2716 | 8.160469685239477 | 0.2898550724637681 | 0.6451612903225806
61 | CACM-3135 | 8.148402141513841 | 0.2857142857142857 | 0.6451612903225806
61 | CACM-2141 | 8.131268750702045 | 0.28169014084507044 | 0.6451612903225806
61 | CACM-1680 | 7.891225660297044 | 0.2777777777777778 | 0.6451612903225806
61 | CACM-2685 | 7.872507447295053 | 0.273972602739726 | 0.6451612903225806
61 | CACM-2046 | 7.870641410555357 | 0.2702702702702703 | 0.6451612903225806
61 | CACM-0973 | 7.869368884431221 | 0.26666666666666666 | 0.6451612903225806
61 | CACM-2809 | 7.868668317177106 | 0.2631578947368421 | 0.6451612903225806
61 | CACM-2623 | 7.839439677620396 | 0.2597402597402597 | 0.6451612903225806
61 | CACM-2050 | 7.782118086023165 | 0.2564102564102564 | 0.6451612903225806
61 | CACM-1936 | 7.769933718338127 | 0.25316455696202533 | 0.6451612903225806
61 | CACM-2547 | 7.731424141126473 | 0.25 | 0.6451612903225806
61 | CACM-2543 | 7.613564574657685 | 0.24691358024691357 | 0.6451612903225806
61 | CACM-3096 | 7.611577662332746 | 0.24390243902439024 | 0.6451612903225806
61 | CACM-1456 | 7.563356192514517 | 0.24096385542168675 | 0.6451612903225806
61 | CACM-1683 | 7.5281077235821785 | 0.23809523809523808 | 0.6451612903225806
61 | CACM-2736 | 7.498963711756094 | 0.23529411764705882 | 0.6451612903225806
61 | CACM-2846 | 7.480671234903877 | 0.23255813953488372 | 0.6451612903225806
61 | CACM-3033 | 7.328410844421742 | 0.22988505747126436 | 0.6451612903225806
61 | CACM-1121 | 7.272565275513558 | 0.22727272727272727 | 0.6451612903225806
61 | CACM-2293 | 7.227458984060299 | 0.2247191011235955 | 0.6451612903225806
61 | CACM-1261 | 7.197043694025802 | 0.2222222222222222 | 0.6451612903225806
61 | CACM-1725 | 7.185209696802233 | 0.21978021978021978 | 0.6451612903225806
61 | CACM-2157 | 7.182810581707109 | 0.21739130434782608 | 0.6451612903225806
61 | CACM-2389 | 7.105839816293683 | 0.21505376344086022 | 0.6451612903225806
61 | CACM-2542 | 7.068259535908144 | 0.2127659574468085 | 0.6451612903225806
61 | CACM-1748 | 7.061146335892312 | 0.21052631578947367 | 0.6451612903225806
61 | CACM-2314 | 7.028066050427773 | 0.20833333333333334 | 0.6451612903225806
61 | CACM-1334 | 6.937672818051864 | 0.20618556701030927 | 0.6451612903225806
61 | CACM-2889 | 6.935508788517071 | 0.20408163265306123 | 0.6451612903225806
61 | CACM-1271 | 6.919866988910069 | 0.20202020202020202 | 0.6451612903225806
61 | CACM-2374 | 6.87965541160087 | 0.2 | 0.6451612903225806
