queryId | docId | score | precision | recall
22 | CACM-2913 | 18.839393624054456 | 0.0 | 0.0
22 | CACM-2692 | 18.41325033913237 | 0.5 | 0.058823529411764705
22 | CACM-0616 | 14.36109220091985 | 0.3333333333333333 | 0.058823529411764705
22 | CACM-2845 | 13.439924316902587 | 0.25 | 0.058823529411764705
22 | CACM-1978 | 13.1485234392436 | 0.2 | 0.058823529411764705
22 | CACM-2402 | 13.044615546383149 | 0.16666666666666666 | 0.058823529411764705
22 | CACM-2341 | 12.704282724726232 | 0.14285714285714285 | 0.058823529411764705
22 | CACM-2924 | 12.621439893229743 | 0.125 | 0.058823529411764705
22 | CACM-0435 | 12.55271454254829 | 0.1111111111111111 | 0.058823529411764705
22 | CACM-2367 | 12.387796575037488 | 0.1 | 0.058823529411764705
22 | CACM-1742 | 12.137020437304304 | 0.09090909090909091 | 0.058823529411764705
22 | CACM-1181 | 11.960235498025336 | 0.08333333333333333 | 0.058823529411764705
22 | CACM-2674 | 11.533661968735595 | 0.07692307692307693 | 0.058823529411764705
22 | CACM-3049 | 11.48550335791783 | 0.07142857142857142 | 0.058823529411764705
22 | CACM-1159 | 11.402591587733564 | 0.06666666666666667 | 0.058823529411764705
22 | CACM-2771 | 11.173500667590735 | 0.0625 | 0.058823529411764705
22 | CACM-1551 | 10.706094310866815 | 0.058823529411764705 | 0.058823529411764705
22 | CACM-2919 | 10.620381659665087 | 0.05555555555555555 | 0.058823529411764705
22 | CACM-3111 | 10.60650921808742 | 0.05263157894736842 | 0.058823529411764705
22 | CACM-2473 | 10.572368364981102 | 0.1 | 0.11764705882352941
22 | CACM-2111 | 10.49843179936138 | 0.09523809523809523 | 0.11764705882352941
22 | CACM-2809 | 10.474477182296724 | 0.09090909090909091 | 0.11764705882352941
22 | CACM-1710 | 10.446364733647055 | 0.08695652173913043 | 0.11764705882352941
22 | CACM-2918 | 10.352715779180674 | 0.08333333333333333 | 0.11764705882352941
22 | CACM-1397 | 10.162001671176847 | 0.08 | 0.11764705882352941
22 | CACM-1014 | 10.161638411898103 | 0.07692307692307693 | 0.11764705882352941
22 | CACM-3082 | 10.139244304172138 | 0.07407407407407407 | 0.11764705882352941
22 | CACM-3116 | 10.067493703612215 | 0.10714285714285714 | 0.17647058823529413
22 | CACM-2905 | 9.995936561984577 | 0.10344827586206896 | 0.17647058823529413
22 | CACM-3141 | 9.905618395476374 | 0.1 | 0.17647058823529413
22 | CACM-2433 | 9.89131238712823 | 0.0967741935483871 | 0.17647058823529413
22 | CACM-0531 | 9.852493779583096 | 0.09375 | 0.17647058823529413
22 | CACM-2786 | 9.846614771504088 | 0.09090909090909091 | 0.17647058823529413
22 | CACM-2631 | 9.803350039567318 | 0.08823529411764706 | 0.17647058823529413
22 | CACM-2486 | 9.793157920501667 | 0.08571428571428572 | 0.17647058823529413
22 | CACM-2817 | 9.690378656535962 | 0.08333333333333333 | 0.17647058823529413
22 | CACM-2751 | 9.652335869894934 | 0.10810810810810811 | 0.23529411764705882
22 | CACM-2146 | 9.64339618515793 | 0.10526315789473684 | 0.23529411764705882
22 | CACM-2708 | 9.599234919675645 | 0.10256410256410256 | 0.23529411764705882
22 | CACM-2369 | 9.459921015012805 | 0.125 | 0.29411764705882354
22 | CACM-2829 | 9.296886207535959 | 0.14634146341463414 | 0.35294117647058826
22 | CACM-2016 | 9.210526100179457 | 0.14285714285714285 | 0.35294117647058826
22 | CACM-2819 | 9.158999789595494 | 0.13953488372093023 | 0.35294117647058826
22 | CACM-3152 | 9.112353314994238 | 0.13636363636363635 | 0.35294117647058826
22 | CACM-3071 | 9.0938336245346 | 0.13333333333333333 | 0.35294117647058826
22 | CACM-1237 | 9.08301267840782 | 0.13043478260869565 | 0.35294117647058826
22 | CACM-2004 | 9.040314142823009 | 0.1276595744680851 | 0.35294117647058826
22 | CACM-2211 | 8.988241362118506 | 0.125 | 0.35294117647058826
22 | CACM-1623 | 8.935182813883989 | 0.12244897959183673 | 0.35294117647058826
22 | CACM-2657 | 8.930036634208346 | 0.12 | 0.35294117647058826
22 | CACM-2959 | 8.902464948215787 | 0.11764705882352941 | 0.35294117647058826
22 | CACM-2337 | 8.892503226187184 | 0.11538461538461539 | 0.35294117647058826
22 | CACM-2820 | 8.862189072308706 | 0.11320754716981132 | 0.35294117647058826
22 | CACM-2078 | 8.778095907655718 | 0.1111111111111111 | 0.35294117647058826
22 | CACM-1957 | 8.773746189452686 | 0.10909090909090909 | 0.35294117647058826
22 | CACM-0492 | 8.715733381198406 | 0.10714285714285714 | 0.35294117647058826
22 | CACM-3032 | 8.705417303720887 | 0.10526315789473684 | 0.35294117647058826
22 | CACM-2987 | 8.63849162189461 | 0.10344827586206896 | 0.35294117647058826
22 | CACM-1908 | 8.597415690522139 | 0.1016949152542373 | 0.35294117647058826
22 | CACM-2152 | 8.449158114084309 | 0.1 | 0.35294117647058826
22 | CACM-2873 | 8.398348938656788 | 0.09836065573770492 | 0.35294117647058826
22 | CACM-2188 | 8.370721523938164 | 0.0967741935483871 | 0.35294117647058826
22 | CACM-3056 | 8.36107025831205 | 0.09523809523809523 | 0.35294117647058826
22 | CACM-2002 | 8.351143103497593 | 0.09375 | 0.35294117647058826
22 | CACM-1867 | 8.32132481389513 | 0.09230769230769231 | 0.35294117647058826
22 | CACM-1924 | 8.29574918535675 | 0.09090909090909091 | 0.35294117647058826
22 | CACM-1281 | 8.285815774332615 | 0.08955223880597014 | 0.35294117647058826
22 | CACM-1272 | 8.246294786918813 | 0.08823529411764706 | 0.35294117647058826
22 | CACM-0144 | 8.216382409714459 | 0.08695652173913043 | 0.35294117647058826
22 | CACM-2925 | 8.189033007610426 | 0.08571428571428572 | 0.35294117647058826
22 | CACM-2400 | 8.134022271362538 | 0.08450704225352113 | 0.35294117647058826
22 | CACM-1697 | 8.127996096639963 | 0.08333333333333333 | 0.35294117647058826
22 | CACM-1664 | 8.126038804457117 | 0.0821917808219178 | 0.35294117647058826
22 | CACM-1400 | 8.108470064728799 | 0.08108108108108109 | 0.35294117647058826
22 | CACM-2967 | 8.02411221646918 | 0.08 | 0.35294117647058826
22 | CACM-1433 | 8.020085162071283 | 0.07894736842105263 | 0.35294117647058826
22 | CACM-1506 | 8.015541090611501 | 0.07792207792207792 | 0.35294117647058826
22 | CACM-2646 | 7.995652597401855 | 0.07692307692307693 | 0.35294117647058826
22 | CACM-0078 | 7.979036483469327 | 0.0759493670886076 | 0.35294117647058826
22 | CACM-1366 | 7.9593284025984445 | 0.075 | 0.35294117647058826
22 | CACM-0087 | 7.9155552730826715 | 0.07407407407407407 | 0.35294117647058826
22 | CACM-1829 | 7.913177604985251 | 0.07317073170731707 | 0.35294117647058826
22 | CACM-1323 | 7.908052970576521 | 0.07228915662650602 | 0.35294117647058826
22 | CACM-3038 | 7.857833909795789 | 0.07142857142857142 | 0.35294117647058826
22 | CACM-2421 | 7.83421761429315 | 0.07058823529411765 | 0.35294117647058826
22 | CACM-1698 | 7.823236777433369 | 0.06976744186046512 | 0.35294117647058826
22 | CACM-1426 | 7.819466977120728 | 0.06896551724137931 | 0.35294117647058826
22 | CACM-1741 | 7.819384136532205 | 0.06818181818181818 | 0.35294117647058826
22 | CACM-2984 | 7.81005910787384 | 0.06741573033707865 | 0.35294117647058826
22 | CACM-2826 | 7.8034478268924445 | 0.06666666666666667 | 0.35294117647058826
22 | CACM-3153 | 7.792224769414123 | 0.06593406593406594 | 0.35294117647058826
22 | CACM-1253 | 7.789023713153265 | 0.06521739130434782 | 0.35294117647058826
22 | CACM-2827 | 7.777334355021463 | 0.07526881720430108 | 0.4117647058823529
22 | CACM-2441 | 7.748511301614758 | 0.0851063829787234 | 0.47058823529411764
22 | CACM-1931 | 7.726418878268934 | 0.08421052631578947 | 0.47058823529411764
22 | CACM-2273 | 7.721053668152163 | 0.08333333333333333 | 0.47058823529411764
22 | CACM-1179 | 7.71949050093534 | 0.08247422680412371 | 0.47058823529411764
22 | CACM-2368 | 7.713131022630534 | 0.08163265306122448 | 0.47058823529411764
22 | CACM-3028 | 7.710885355622635 | 0.08080808080808081 | 0.47058823529411764
22 | CACM-1886 | 7.707754878944861 | 0.08 | 0.47058823529411764
