queryId | docId | score | precision | recall
6 | CACM-2826 | 13.543268688359642 | 0.0 | 0.0
6 | CACM-0695 | 12.745328909172342 | 0.0 | 0.0
6 | CACM-2828 | 12.294210883136222 | 0.3333333333333333 | 0.3333333333333333
6 | CACM-2721 | 11.652753943003372 | 0.25 | 0.3333333333333333
6 | CACM-2230 | 11.322645296541072 | 0.2 | 0.3333333333333333
6 | CACM-2873 | 9.892873245155231 | 0.16666666666666666 | 0.3333333333333333
6 | CACM-2931 | 9.227072636520637 | 0.14285714285714285 | 0.3333333333333333
6 | CACM-0417 | 8.79730766127997 | 0.125 | 0.3333333333333333
6 | CACM-1385 | 8.258912189950435 | 0.1111111111111111 | 0.3333333333333333
6 | CACM-2176 | 7.103335488859179 | 0.1 | 0.3333333333333333
6 | CACM-1046 | 6.873103417944413 | 0.09090909090909091 | 0.3333333333333333
6 | CACM-0397 | 6.726057917581601 | 0.08333333333333333 | 0.3333333333333333
6 | CACM-1543 | 6.718238002694697 | 0.15384615384615385 | 0.6666666666666666
6 | CACM-0605 | 6.496313881109538 | 0.14285714285714285 | 0.6666666666666666
6 | CACM-1867 | 6.486599827389065 | 0.13333333333333333 | 0.6666666666666666
6 | CACM-1014 | 6.462719679625659 | 0.125 | 0.6666666666666666
6 | CACM-0492 | 6.43939651825304 | 0.11764705882352941 | 0.6666666666666666
6 | CACM-0435 | 6.381185607480535 | 0.1111111111111111 | 0.6666666666666666
6 | CACM-1397 | 6.351190499940342 | 0.10526315789473684 | 0.6666666666666666
6 | CACM-1113 | 6.318609569291069 | 0.1 | 0.6666666666666666
6 | CACM-1234 | 6.313901945175028 | 0.09523809523809523 | 0.6666666666666666
6 | CACM-0242 | 6.306899051992784 | 0.09090909090909091 | 0.6666666666666666
6 | CACM-1365 | 6.254687104278091 | 0.08695652173913043 | 0.6666666666666666
6 | CACM-1623 | 6.250861382289946 | 0.08333333333333333 | 0.6666666666666666
6 | CACM-1664 | 6.112040651193912 | 0.08 | 0.6666666666666666
6 | CACM-1148 | 6.084920531952528 | 0.07692307692307693 | 0.6666666666666666
6 | CACM-0531 | 6.0352984643564085 | 0.07407407407407407 | 0.6666666666666666
6 | CACM-0616 | 5.935768869009375 | 0.07142857142857142 | 0.6666666666666666
6 | CACM-3035 | 5.543028287100908 | 0.06896551724137931 | 0.6666666666666666
6 | CACM-2667 | 5.533330304122265 | 0.06666666666666667 | 0.6666666666666666
6 | CACM-2547 | 5.529618194270824 | 0.06451612903225806 | 0.6666666666666666
6 | CACM-3135 | 5.52591981323178 | 0.0625 | 0.6666666666666666
6 | CACM-2753 | 5.449819224287556 | 0.06060606060606061 | 0.6666666666666666
6 | CACM-2078 | 5.433132616277691 | 0.08823529411764706 | 1.0
6 | CACM-2389 | 5.390610709960485 | 0.08571428571428572 | 1.0
6 | CACM-0530 | 5.376829268757476 | 0.08333333333333333 | 1.0
6 | CACM-2187 | 5.32271702576421 | 0.08108108108108109 | 1.0
6 | CACM-0697 | 5.309834399933197 | 0.07894736842105263 | 1.0
6 | CACM-2671 | 5.2059959628358765 | 0.07692307692307693 | 1.0
6 | CACM-3172 | 5.196505714626194 | 0.075 | 1.0
6 | CACM-2485 | 5.190097718330864 | 0.07317073170731707 | 1.0
6 | CACM-1009 | 5.157445118997848 | 0.07142857142857142 | 1.0
6 | CACM-2707 | 5.048262333994668 | 0.06976744186046512 | 1.0
6 | CACM-2417 | 5.0448347385224 | 0.06818181818181818 | 1.0
6 | CACM-1186 | 5.035892801146739 | 0.06666666666666667 | 1.0
6 | CACM-0705 | 5.029554305384801 | 0.06521739130434782 | 1.0
6 | CACM-1621 | 5.007657881330963 | 0.06382978723404255 | 1.0
6 | CACM-0888 | 5.0070627283750255 | 0.0625 | 1.0
6 | CACM-2087 | 5.0070627283750255 | 0.061224489795918366 | 1.0
6 | CACM-2505 | 4.999676564307297 | 0.06 | 1.0
6 | CACM-2836 | 4.9730513529663245 | 0.058823529411764705 | 1.0
6 | CACM-0704 | 4.95646984396193 | 0.057692307692307696 | 1.0
6 | CACM-0768 | 4.9424727258608305 | 0.05660377358490566 | 1.0
6 | CACM-0887 | 4.935546957507871 | 0.05555555555555555 | 1.0
6 | CACM-3040 | 4.883985294226497 | 0.05454545454545454 | 1.0
6 | CACM-0767 | 4.87528328137303 | 0.05357142857142857 | 1.0
6 | CACM-1088 | 4.850386284626978 | 0.05263157894736842 | 1.0
6 | CACM-1368 | 4.824603893799264 | 0.05172413793103448 | 1.0
6 | CACM-2804 | 4.7705005499288795 | 0.05084745762711865 | 1.0
6 | CACM-3117 | 4.667980513760802 | 0.05 | 1.0
6 | CACM-2772 | 4.644228865357942 | 0.04918032786885246 | 1.0
6 | CACM-2740 | 4.638115166786872 | 0.04838709677419355 | 1.0
6 | CACM-2666 | 4.579332242157457 | 0.047619047619047616 | 1.0
6 | CACM-2834 | 4.560182720824596 | 0.046875 | 1.0
6 | CACM-1099 | 4.500861653867661 | 0.046153846153846156 | 1.0
6 | CACM-1948 | 4.448153238291213 | 0.045454545454545456 | 1.0
6 | CACM-2712 | 4.448153238291213 | 0.04477611940298507 | 1.0
6 | CACM-3086 | 4.448153238291213 | 0.04411764705882353 | 1.0
6 | CACM-3188 | 4.429346678196253 | 0.043478260869565216 | 1.0
6 | CACM-2922 | 4.41488988607864 | 0.04285714285714286 | 1.0
6 | CACM-2181 | 4.383039035413956 | 0.04225352112676056 | 1.0
6 | CACM-2502 | 4.36459782999933 | 0.041666666666666664 | 1.0
6 | CACM-2705 | 4.363021785543864 | 0.0410958904109589 | 1.0
6 | CACM-3008 | 4.3135037709922965 | 0.04054054054054054 | 1.0
6 | CACM-1001 | 4.281768423969432 | 0.04 | 1.0
6 | CACM-3018 | 4.2489395194323585 | 0.039473684210526314 | 1.0
6 | CACM-1433 | 4.194851985138388 | 0.03896103896103896 | 1.0
6 | CACM-2406 | 4.179388753152099 | 0.038461538461538464 | 1.0
6 | CACM-2202 | 4.17530031236698 | 0.0379746835443038 | 1.0
6 | CACM-2399 | 4.159920260258164 | 0.0375 | 1.0
6 | CACM-2189 | 4.156123588343469 | 0.037037037037037035 | 1.0
6 | CACM-2306 | 4.148418536019153 | 0.036585365853658534 | 1.0
6 | CACM-1541 | 4.103690583759486 | 0.03614457831325301 | 1.0
6 | CACM-0971 | 4.0608778624523 | 0.03571428571428571 | 1.0
6 | CACM-1781 | 3.999910903841587 | 0.03529411764705882 | 1.0
6 | CACM-2698 | 3.9517990064656954 | 0.03488372093023256 | 1.0
6 | CACM-1083 | 3.9424482889832615 | 0.034482758620689655 | 1.0
6 | CACM-0670 | 3.9393507129391274 | 0.03409090909090909 | 1.0
6 | CACM-2518 | 3.9378055156190612 | 0.033707865168539325 | 1.0
6 | CACM-3148 | 3.914909577779982 | 0.03333333333333333 | 1.0
6 | CACM-1267 | 3.910392631580686 | 0.03296703296703297 | 1.0
6 | CACM-1413 | 3.901419490615718 | 0.03260869565217391 | 1.0
6 | CACM-0320 | 3.901419490615718 | 0.03225806451612903 | 1.0
6 | CACM-1404 | 3.896962934589145 | 0.031914893617021274 | 1.0
6 | CACM-3000 | 3.8925261513681546 | 0.031578947368421054 | 1.0
6 | CACM-2486 | 3.8199652962600172 | 0.03125 | 1.0
6 | CACM-3154 | 3.811764794723696 | 0.030927835051546393 | 1.0
6 | CACM-2357 | 3.803630994796926 | 0.030612244897959183 | 1.0
6 | CACM-2936 | 3.7995887705639686 | 0.030303030303030304 | 1.0
6 | CACM-2968 | 3.763925735204233 | 0.03 | 1.0
