queryId | docId | score | precision | recall
18 | CACM-2138 | 18.42294922853081 | 0.0 | 0.0
18 | CACM-0670 | 12.983313981473394 | 0.0 | 0.0
18 | CACM-1852 | 12.085377970929095 | 0.0 | 0.0
18 | CACM-3110 | 12.001082566950931 | 0.0 | 0.0
18 | CACM-2112 | 11.468568609755344 | 0.0 | 0.0
18 | CACM-2175 | 10.724967548251561 | 0.16666666666666666 | 0.09090909090909091
18 | CACM-1665 | 10.571624816030749 | 0.14285714285714285 | 0.09090909090909091
18 | CACM-1223 | 10.23551005689186 | 0.125 | 0.09090909090909091
18 | CACM-2921 | 10.167237252655788 | 0.1111111111111111 | 0.09090909090909091
18 | CACM-0243 | 9.595031650604088 | 0.1 | 0.09090909090909091
18 | CACM-2567 | 9.529243236479328 | 0.09090909090909091 | 0.09090909090909091
18 | CACM-3075 | 9.447097610203606 | 0.08333333333333333 | 0.09090909090909091
18 | CACM-1159 | 9.428755226153436 | 0.07692307692307693 | 0.09090909090909091
18 | CACM-2896 | 9.407989463554706 | 0.07142857142857142 | 0.09090909090909091
18 | CACM-2929 | 9.335881390391924 | 0.06666666666666667 | 0.09090909090909091
18 | CACM-3156 | 9.267116848392634 | 0.0625 | 0.09090909090909091
18 | CACM-1099 | 9.01942900960675 | 0.058823529411764705 | 0.09090909090909091
18 | CACM-2714 | 8.95240313320523 | 0.05555555555555555 | 0.09090909090909091
18 | CACM-0249 | 8.951767200070437 | 0.05263157894736842 | 0.09090909090909091
18 | CACM-0950 | 8.950463099389076 | 0.05 | 0.09090909090909091
18 | CACM-2723 | 8.9423110816844 | 0.047619047619047616 | 0.09090909090909091
18 | CACM-2298 | 8.925584622993764 | 0.045454545454545456 | 0.09090909090909091
18 | CACM-2289 | 8.859868140816355 | 0.043478260869565216 | 0.09090909090909091
18 | CACM-2685 | 8.859660712252039 | 0.08333333333333333 | 0.18181818181818182
18 | CACM-2266 | 8.844510654165136 | 0.08 | 0.18181818181818182
18 | CACM-2570 | 8.698370326238127 | 0.07692307692307693 | 0.18181818181818182
18 | CACM-1795 | 8.676507012900494 | 0.07407407407407407 | 0.18181818181818182
18 | CACM-3066 | 8.577691256628857 | 0.07142857142857142 | 0.18181818181818182
18 | CACM-1603 | 8.475489289319576 | 0.06896551724137931 | 0.18181818181818182
18 | CACM-0637 | 8.410611308433179 | 0.06666666666666667 | 0.18181818181818182
18 | CACM-3005 | 8.340512239470552 | 0.06451612903225806 | 0.18181818181818182
18 | CACM-2644 | 8.294143974683156 | 0.0625 | 0.18181818181818182
18 | CACM-2495 | 8.293342257214334 | 0.06060606060606061 | 0.18181818181818182
18 | CACM-0799 | 8.245980849925244 | 0.058823529411764705 | 0.18181818181818182
18 | CACM-3127 | 8.152680721098218 | 0.05714285714285714 | 0.18181818181818182
18 | CACM-1591 | 8.15183787278118 | 0.05555555555555555 | 0.18181818181818182
18 | CACM-1923 | 8.146575761360523 | 0.05405405405405406 | 0.18181818181818182
18 | CACM-3148 | 8.106127706716242 | 0.05263157894736842 | 0.18181818181818182
18 | CACM-0303 | 8.090587907691441 | 0.05128205128205128 | 0.18181818181818182
18 | CACM-1163 | 8.064087171632385 | 0.05 | 0.18181818181818182
18 | CACM-2717 | 7.997131273231423 | 0.04878048780487805 | 0.18181818181818182
18 | CACM-1409 | 7.9395558530959836 | 0.047619047619047616 | 0.18181818181818182
18 | CACM-1811 | 7.90021491666112 | 0.06976744186046512 | 0.2727272727272727
18 | CACM-1988 | 7.871608452338168 | 0.06818181818181818 | 0.2727272727272727
18 | CACM-1947 | 7.813644978138312 | 0.06666666666666667 | 0.2727272727272727
18 | CACM-2939 | 7.8081882750829275 | 0.06521739130434782 | 0.2727272727272727
18 | CACM-1738 | 7.784654647592928 | 0.06382978723404255 | 0.2727272727272727
18 | CACM-1463 | 7.731881227683116 | 0.0625 | 0.2727272727272727
18 | CACM-2341 | 7.727489130391571 | 0.061224489795918366 | 0.2727272727272727
18 | CACM-1389 | 7.7144138720356725 | 0.06 | 0.2727272727272727
18 | CACM-2064 | 7.659927112727607 | 0.058823529411764705 | 0.2727272727272727
18 | CACM-2423 | 7.65758365973254 | 0.057692307692307696 | 0.2727272727272727
18 | CACM-2820 | 7.643788148512767 | 0.05660377358490566 | 0.2727272727272727
18 | CACM-2433 | 7.61217986459895 | 0.07407407407407407 | 0.36363636363636365
18 | CACM-2897 | 7.571720639322485 | 0.07272727272727272 | 0.36363636363636365
18 | CACM-2252 | 7.559628227592079 | 0.07142857142857142 | 0.36363636363636365
18 | CACM-2645 | 7.53113325443051 | 0.07017543859649122 | 0.36363636363636365
18 | CACM-1844 | 7.505615733094631 | 0.06896551724137931 | 0.36363636363636365
18 | CACM-1680 | 7.497095227235504 | 0.06779661016949153 | 0.36363636363636365
18 | CACM-2785 | 7.405432016062243 | 0.06666666666666667 | 0.36363636363636365
18 | CACM-2497 | 7.396464691291722 | 0.06557377049180328 | 0.36363636363636365
18 | CACM-3093 | 7.358177943272697 | 0.06451612903225806 | 0.36363636363636365
18 | CACM-2904 | 7.341941988543924 | 0.06349206349206349 | 0.36363636363636365
18 | CACM-1807 | 7.332577878645872 | 0.0625 | 0.36363636363636365
18 | CACM-3080 | 7.326901340702478 | 0.06153846153846154 | 0.36363636363636365
18 | CACM-1324 | 7.2615375267038225 | 0.06060606060606061 | 0.36363636363636365
18 | CACM-2767 | 7.246946280521086 | 0.05970149253731343 | 0.36363636363636365
18 | CACM-1425 | 7.146141242881317 | 0.058823529411764705 | 0.36363636363636365
18 | CACM-1613 | 7.1402750048168695 | 0.07246376811594203 | 0.45454545454545453
18 | CACM-2998 | 7.131203284928239 | 0.07142857142857142 | 0.45454545454545453
18 | CACM-2886 | 7.119095182636111 | 0.07042253521126761 | 0.45454545454545453
18 | CACM-0205 | 7.101319443492932 | 0.06944444444444445 | 0.45454545454545453
18 | CACM-2411 | 7.097638585942572 | 0.0684931506849315 | 0.45454545454545453
18 | CACM-2740 | 7.082355734660093 | 0.06756756756756757 | 0.45454545454545453
18 | CACM-2534 | 7.020934925947017 | 0.06666666666666667 | 0.45454545454545453
18 | CACM-2684 | 6.965040948563865 | 0.06578947368421052 | 0.45454545454545453
18 | CACM-3073 | 6.952714319062036 | 0.06493506493506493 | 0.45454545454545453
18 | CACM-3150 | 6.949778266698972 | 0.0641025641025641 | 0.45454545454545453
18 | CACM-3175 | 6.909287923319308 | 0.06329113924050633 | 0.45454545454545453
18 | CACM-1548 | 6.829809084244652 | 0.0625 | 0.45454545454545453
18 | CACM-3171 | 6.781399106448494 | 0.06172839506172839 | 0.45454545454545453
18 | CACM-2034 | 6.754918426055833 | 0.06097560975609756 | 0.45454545454545453
18 | CACM-2579 | 6.723999667790592 | 0.060240963855421686 | 0.45454545454545453
18 | CACM-2819 | 6.690573011871338 | 0.05952380952380952 | 0.45454545454545453
18 | CACM-2989 | 6.669065827337077 | 0.058823529411764705 | 0.45454545454545453
18 | CACM-1747 | 6.522664019933356 | 0.05813953488372093 | 0.45454545454545453
18 | CACM-2633 | 6.465987184490022 | 0.05747126436781609 | 0.45454545454545453
18 | CACM-1906 | 6.464626400719397 | 0.056818181818181816 | 0.45454545454545453
18 | CACM-2706 | 6.416381755253322 | 0.056179775280898875 | 0.45454545454545453
18 | CACM-1135 | 6.406033109040022 | 0.05555555555555555 | 0.45454545454545453
18 | CACM-2061 | 6.396653177495716 | 0.054945054945054944 | 0.45454545454545453
18 | CACM-2514 | 6.3821413451404005 | 0.05434782608695652 | 0.45454545454545453
18 | CACM-1826 | 6.336189566338447 | 0.053763440860215055 | 0.45454545454545453
18 | CACM-2231 | 6.321316565399148 | 0.05319148936170213 | 0.45454545454545453
18 | CACM-2692 | 6.318957071410055 | 0.05263157894736842 | 0.45454545454545453
18 | CACM-1824 | 6.175361050384215 | 0.052083333333333336 | 0.45454545454545453
18 | CACM-3074 | 6.109584577887813 | 0.05154639175257732 | 0.45454545454545453
18 | CACM-2253 | 6.0468413481756915 | 0.05102040816326531 | 0.45454545454545453
18 | CACM-2651 | 6.037792635795677 | 0.050505050505050504 | 0.45454545454545453
18 | CACM-2146 | 5.973337085996008 | 0.05 | 0.45454545454545453
