queryId | docId | score | precision | recall
33 | CACM-2695 | 36.89456970788725 | 0.0 | 0.0
33 | CACM-2697 | 34.068823508673844 | 0.0 | 0.0
33 | CACM-2047 | 33.14020445876437 | 0.0 | 0.0
33 | CACM-1954 | 32.37858400841492 | 0.0 | 0.0
33 | CACM-2043 | 32.37858400841492 | 0.0 | 0.0
33 | CACM-2226 | 29.36523311778608 | 0.0 | 0.0
33 | CACM-2554 | 28.963994477668617 | 0.0 | 0.0
33 | CACM-2284 | 28.92628933451037 | 0.0 | 0.0
33 | CACM-2807 | 27.731292951022574 | 0.0 | 0.0
33 | CACM-3016 | 27.308463057255974 | 0.0 | 0.0
33 | CACM-2177 | 27.00346827194029 | 0.0 | 0.0
33 | CACM-1143 | 26.852481714636692 | 0.0 | 0.0
33 | CACM-1809 | 26.29693925775728 | 0.0 | 0.0
33 | CACM-2000 | 25.869514579094627 | 0.0 | 0.0
33 | CACM-1692 | 25.631265943817976 | 0.0 | 0.0
33 | CACM-2806 | 25.520878194281003 | 0.0 | 0.0
33 | CACM-2261 | 25.494670185321187 | 0.0 | 0.0
33 | CACM-2929 | 25.397025167140313 | 0.0 | 0.0
33 | CACM-3153 | 25.308063407861837 | 0.0 | 0.0
33 | CACM-1423 | 25.19699696594257 | 0.0 | 0.0
33 | CACM-1998 | 24.77863633785847 | 0.0 | 0.0
33 | CACM-1135 | 24.527924505723874 | 0.0 | 0.0
33 | CACM-2233 | 24.37652418850522 | 0.0 | 0.0
33 | CACM-1963 | 24.145526058612486 | 0.0 | 0.0
33 | CACM-1968 | 24.01794827819768 | 0.0 | 0.0
33 | CACM-2281 | 23.769353439079715 | 0.0 | 0.0
33 | CACM-2335 | 23.29294082511077 | 0.0 | 0.0
33 | CACM-2986 | 23.138842282186722 | 0.0 | 0.0
33 | CACM-2081 | 23.13056226667615 | 0.0 | 0.0
33 | CACM-2544 | 23.102542508663856 | 0.0 | 0.0
33 | CACM-2213 | 23.08206164140505 | 0.0 | 0.0
33 | CACM-2186 | 22.659557296629934 | 0.0 | 0.0
33 | CACM-2355 | 22.444390473975766 | 0.0 | 0.0
33 | CACM-1285 | 21.9798335789402 | 0.0 | 0.0
33 | CACM-3125 | 21.967943187326554 | 0.0 | 0.0
33 | CACM-1647 | 21.81013488770919 | 0.0 | 0.0
33 | CACM-1628 | 21.77770784505229 | 0.0 | 0.0
33 | CACM-2887 | 21.752233235401935 | 0.0 | 0.0
33 | CACM-3138 | 21.717041249971363 | 0.0 | 0.0
33 | CACM-2289 | 21.565522985111382 | 0.0 | 0.0
33 | CACM-2135 | 21.472001605582182 | 0.0 | 0.0
33 | CACM-0531 | 21.339093086232108 | 0.0 | 0.0
33 | CACM-2567 | 21.3150312440537 | 0.0 | 0.0
33 | CACM-2217 | 21.18376783509085 | 0.0 | 0.0
33 | CACM-1707 | 21.148353502961648 | 0.0 | 0.0
33 | CACM-3085 | 21.097123902701536 | 0.0 | 0.0
33 | CACM-1577 | 21.02672128919398 | 0.0 | 0.0
33 | CACM-0441 | 21.00472181770024 | 0.0 | 0.0
33 | CACM-2833 | 20.9702930268011 | 0.0 | 0.0
33 | CACM-1441 | 20.9414177223551 | 0.0 | 0.0
33 | CACM-1347 | 20.88539403161977 | 0.0 | 0.0
33 | CACM-1744 | 20.80085203823321 | 0.0 | 0.0
33 | CACM-1807 | 20.70231336888959 | 0.0 | 0.0
33 | CACM-1946 | 20.662177446860323 | 0.0 | 0.0
33 | CACM-3086 | 20.65042852423209 | 0.0 | 0.0
33 | CACM-2716 | 20.595424054107287 | 0.0 | 0.0
33 | CACM-2809 | 20.423301060784066 | 0.0 | 0.0
33 | CACM-2805 | 20.418788625961565 | 0.017241379310344827 | 1.0
33 | CACM-1614 | 20.4092943847353 | 0.01694915254237288 | 1.0
33 | CACM-1766 | 20.393120243345997 | 0.016666666666666666 | 1.0
33 | CACM-1930 | 20.33574211150173 | 0.01639344262295082 | 1.0
33 | CACM-1662 | 20.293577191446513 | 0.016129032258064516 | 1.0
33 | CACM-2794 | 20.27629603172282 | 0.015873015873015872 | 1.0
33 | CACM-1961 | 20.267631784267316 | 0.015625 | 1.0
33 | CACM-2998 | 20.18784149938963 | 0.015384615384615385 | 1.0
33 | CACM-2824 | 20.180904682813473 | 0.015151515151515152 | 1.0
33 | CACM-1363 | 20.137942474927225 | 0.014925373134328358 | 1.0
33 | CACM-1501 | 20.11047390622526 | 0.014705882352941176 | 1.0
33 | CACM-2094 | 20.061527726560833 | 0.014492753623188406 | 1.0
33 | CACM-2970 | 20.05421748116642 | 0.014285714285714285 | 1.0
33 | CACM-3094 | 20.016907993265225 | 0.014084507042253521 | 1.0
33 | CACM-3059 | 19.98309101088444 | 0.013888888888888888 | 1.0
33 | CACM-0492 | 19.97902992240159 | 0.0136986301369863 | 1.0
33 | CACM-1045 | 19.955721496277114 | 0.013513513513513514 | 1.0
33 | CACM-3036 | 19.95509289439201 | 0.013333333333333334 | 1.0
33 | CACM-0497 | 19.854309942207 | 0.013157894736842105 | 1.0
33 | CACM-1147 | 19.78393749533618 | 0.012987012987012988 | 1.0
33 | CACM-1116 | 19.770291398333512 | 0.01282051282051282 | 1.0
33 | CACM-2188 | 19.6662144170322 | 0.012658227848101266 | 1.0
33 | CACM-1397 | 19.6121870002155 | 0.0125 | 1.0
33 | CACM-1524 | 19.54186421347154 | 0.012345679012345678 | 1.0
33 | CACM-2030 | 19.516451805655333 | 0.012195121951219513 | 1.0
33 | CACM-1958 | 19.47428397009177 | 0.012048192771084338 | 1.0
33 | CACM-3200 | 19.32189050109219 | 0.011904761904761904 | 1.0
33 | CACM-1415 | 19.3001986313107 | 0.011764705882352941 | 1.0
33 | CACM-1902 | 19.26492968195489 | 0.011627906976744186 | 1.0
33 | CACM-2940 | 19.17752913049113 | 0.011494252873563218 | 1.0
33 | CACM-1658 | 19.163833480222014 | 0.011363636363636364 | 1.0
33 | CACM-1169 | 19.152639853596277 | 0.011235955056179775 | 1.0
33 | CACM-1014 | 19.10385154845293 | 0.011111111111111112 | 1.0
33 | CACM-1636 | 18.943752250531947 | 0.01098901098901099 | 1.0
33 | CACM-2800 | 18.797463536575588 | 0.010869565217391304 | 1.0
33 | CACM-1960 | 18.78470132792713 | 0.010752688172043012 | 1.0
33 | CACM-1334 | 18.75999831918495 | 0.010638297872340425 | 1.0
33 | CACM-1623 | 18.582988487128308 | 0.010526315789473684 | 1.0
33 | CACM-2850 | 18.489594263106667 | 0.010416666666666666 | 1.0
33 | CACM-1651 | 18.459442757869265 | 0.010309278350515464 | 1.0
33 | CACM-2275 | 18.320736021306924 | 0.01020408163265306 | 1.0
33 | CACM-1260 | 18.263500198017528 | 0.010101010101010102 | 1.0
33 | CACM-1698 | 18.230372725130092 | 0.01 | 1.0
