queryId | docId | score | precision | recall
7 | CACM-3043 | 31.561796386176553 | 1.0 | 0.03571428571428571
7 | CACM-2949 | 20.160635012627317 | 0.5 | 0.03571428571428571
7 | CACM-2376 | 19.018757878523083 | 0.6666666666666666 | 0.07142857142857142
7 | CACM-2912 | 18.487193208031204 | 0.75 | 0.10714285714285714
7 | CACM-2865 | 17.685372115993726 | 0.8 | 0.14285714285714285
7 | CACM-3128 | 17.484379870886517 | 0.8333333333333334 | 0.17857142857142858
7 | CACM-3141 | 17.14251882324062 | 0.8571428571428571 | 0.21428571428571427
7 | CACM-2317 | 16.764207275112923 | 0.75 | 0.21428571428571427
7 | CACM-1623 | 16.22345657430411 | 0.6666666666666666 | 0.21428571428571427
7 | CACM-2342 | 15.012820504689165 | 0.7 | 0.25
7 | CACM-2740 | 14.779343092514855 | 0.6363636363636364 | 0.25
7 | CACM-1381 | 14.598489989954494 | 0.5833333333333334 | 0.25
7 | CACM-3148 | 14.375326406962163 | 0.6153846153846154 | 0.2857142857142857
7 | CACM-0616 | 13.840934894907218 | 0.5714285714285714 | 0.2857142857142857
7 | CACM-1397 | 13.215675007070278 | 0.5333333333333333 | 0.2857142857142857
7 | CACM-2890 | 12.832193156482756 | 0.5 | 0.2857142857142857
7 | CACM-1145 | 12.507442605096323 | 0.47058823529411764 | 0.2857142857142857
7 | CACM-2320 | 11.785151771674284 | 0.5 | 0.32142857142857145
7 | CACM-2795 | 11.72362425039478 | 0.47368421052631576 | 0.32142857142857145
7 | CACM-2111 | 11.664945553480251 | 0.45 | 0.32142857142857145
7 | CACM-1854 | 10.968814400520063 | 0.42857142857142855 | 0.32142857142857145
7 | CACM-0046 | 10.351298242805743 | 0.4090909090909091 | 0.32142857142857145
7 | CACM-2326 | 10.102656115309912 | 0.391304347826087 | 0.32142857142857145
7 | CACM-1948 | 10.09850952236482 | 0.375 | 0.32142857142857145
7 | CACM-3104 | 10.096063171636796 | 0.36 | 0.32142857142857145
7 | CACM-3014 | 9.811938059885382 | 0.34615384615384615 | 0.32142857142857145
7 | CACM-2402 | 9.64712828392991 | 0.3333333333333333 | 0.32142857142857145
7 | CACM-2871 | 9.62257805931936 | 0.32142857142857145 | 0.32142857142857145
7 | CACM-2972 | 9.4308478592823 | 0.3103448275862069 | 0.32142857142857145
7 | CACM-0942 | 9.427420801336702 | 0.3 | 0.32142857142857145
7 | CACM-1626 | 9.255404857615831 | 0.2903225806451613 | 0.32142857142857145
7 | CACM-2470 | 9.108966203176285 | 0.28125 | 0.32142857142857145
7 | CACM-0396 | 9.074361848916576 | 0.2727272727272727 | 0.32142857142857145
7 | CACM-2851 | 9.000624996532938 | 0.2647058823529412 | 0.32142857142857145
7 | CACM-1198 | 8.976374416490868 | 0.2857142857142857 | 0.35714285714285715
7 | CACM-1698 | 8.87164885976893 | 0.2777777777777778 | 0.35714285714285715
7 | CACM-0964 | 8.852880315028026 | 0.2702702702702703 | 0.35714285714285715
7 | CACM-2080 | 8.81246145405914 | 0.2631578947368421 | 0.35714285714285715
7 | CACM-2150 | 8.79699479361402 | 0.28205128205128205 | 0.39285714285714285
7 | CACM-3078 | 8.70499620954185 | 0.275 | 0.39285714285714285
7 | CACM-2371 | 8.668132932150952 | 0.2682926829268293 | 0.39285714285714285
7 | CACM-2327 | 8.55232979812902 | 0.2619047619047619 | 0.39285714285714285
7 | CACM-2902 | 8.550289013547056 | 0.2558139534883721 | 0.39285714285714285
7 | CACM-1923 | 8.475281896665553 | 0.25 | 0.39285714285714285
7 | CACM-2439 | 8.468114389160004 | 0.24444444444444444 | 0.39285714285714285
7 | CACM-1440 | 8.463117552957971 | 0.2391304347826087 | 0.39285714285714285
7 | CACM-0243 | 8.45831541275574 | 0.23404255319148937 | 0.39285714285714285
7 | CACM-2962 | 8.424052923286842 | 0.22916666666666666 | 0.39285714285714285
7 | CACM-2581 | 8.41628167873701 | 0.22448979591836735 | 0.39285714285714285
7 | CACM-2033 | 8.36597835738072 | 0.22 | 0.39285714285714285
7 | CACM-2276 | 8.304239373197834 | 0.21568627450980393 | 0.39285714285714285
7 | CACM-2379 | 8.228786887949841 | 0.21153846153846154 | 0.39285714285714285
7 | CACM-1749 | 8.208438348649368 | 0.20754716981132076 | 0.39285714285714285
7 | CACM-3054 | 8.153378527725788 | 0.2037037037037037 | 0.39285714285714285
7 | CACM-1603 | 8.13138190477959 | 0.2 | 0.39285714285714285
7 | CACM-2541 | 8.121828609165416 | 0.19642857142857142 | 0.39285714285714285
7 | CACM-2931 | 8.117168996679169 | 0.19298245614035087 | 0.39285714285714285
7 | CACM-2016 | 8.050402577709857 | 0.1896551724137931 | 0.39285714285714285
7 | CACM-2913 | 7.923932308568313 | 0.1864406779661017 | 0.39285714285714285
7 | CACM-2895 | 7.922254942800484 | 0.2 | 0.42857142857142855
7 | CACM-3039 | 7.893023561647458 | 0.19672131147540983 | 0.42857142857142855
7 | CACM-2306 | 7.767319346022225 | 0.1935483870967742 | 0.42857142857142855
7 | CACM-2208 | 7.6954225576842585 | 0.19047619047619047 | 0.42857142857142855
7 | CACM-2314 | 7.6734675230531 | 0.1875 | 0.42857142857142855
7 | CACM-2950 | 7.551484235635007 | 0.18461538461538463 | 0.42857142857142855
7 | CACM-2216 | 7.523479311582739 | 0.18181818181818182 | 0.42857142857142855
7 | CACM-2657 | 7.504817326765399 | 0.1791044776119403 | 0.42857142857142855
7 | CACM-1771 | 7.49739454543806 | 0.17647058823529413 | 0.42857142857142855
7 | CACM-2373 | 7.492847849171827 | 0.17391304347826086 | 0.42857142857142855
7 | CACM-1179 | 7.3953717914010575 | 0.17142857142857143 | 0.42857142857142855
7 | CACM-1960 | 7.386864056323853 | 0.18309859154929578 | 0.4642857142857143
7 | CACM-2674 | 7.349995176776437 | 0.18055555555555555 | 0.4642857142857143
7 | CACM-1625 | 7.337922667386719 | 0.1780821917808219 | 0.4642857142857143
7 | CACM-2519 | 7.258901640267997 | 0.17567567567567569 | 0.4642857142857143
7 | CACM-3164 | 7.251976498348081 | 0.17333333333333334 | 0.4642857142857143
7 | CACM-1003 | 7.192374723072041 | 0.17105263157894737 | 0.4642857142857143
7 | CACM-3143 | 7.12403551537965 | 0.16883116883116883 | 0.4642857142857143
7 | CACM-3080 | 7.111842891892281 | 0.16666666666666666 | 0.4642857142857143
7 | CACM-2969 | 7.098659292232838 | 0.16455696202531644 | 0.4642857142857143
7 | CACM-2665 | 7.085861523874822 | 0.1625 | 0.4642857142857143
7 | CACM-1601 | 7.037644902961864 | 0.16049382716049382 | 0.4642857142857143
7 | CACM-2940 | 7.019319121471374 | 0.15853658536585366 | 0.4642857142857143
7 | CACM-2979 | 7.016746004389393 | 0.1566265060240964 | 0.4642857142857143
7 | CACM-2896 | 7.0110395475079645 | 0.15476190476190477 | 0.4642857142857143
7 | CACM-2732 | 6.977869111480816 | 0.15294117647058825 | 0.4642857142857143
7 | CACM-3032 | 6.96127683684907 | 0.1511627906976744 | 0.4642857142857143
7 | CACM-0855 | 6.917135914224143 | 0.14942528735632185 | 0.4642857142857143
7 | CACM-2866 | 6.899130658906188 | 0.1590909090909091 | 0.5
7 | CACM-2699 | 6.849476912058305 | 0.15730337078651685 | 0.5
7 | CACM-2110 | 6.816974081369311 | 0.15555555555555556 | 0.5
7 | CACM-0270 | 6.770147855481845 | 0.15384615384615385 | 0.5
7 | CACM-2227 | 6.740634576548115 | 0.15217391304347827 | 0.5
7 | CACM-3130 | 6.716290073854079 | 0.15053763440860216 | 0.5
7 | CACM-1892 | 6.659694721499342 | 0.14893617021276595 | 0.5
7 | CACM-2981 | 6.656351895808346 | 0.14736842105263157 | 0.5
7 | CACM-2843 | 6.639578237113668 | 0.14583333333333334 | 0.5
7 | CACM-3031 | 6.625175486741228 | 0.14432989690721648 | 0.5
7 | CACM-2179 | 6.599840431290195 | 0.14285714285714285 | 0.5
7 | CACM-0595 | 6.582644289752418 | 0.1414141414141414 | 0.5
7 | CACM-3015 | 6.552709513439222 | 0.14 | 0.5
