queryId | docId | score | precision | recall
45 | CACM-2452 | 25.05343906675387 | 1.0 | 0.038461538461538464
45 | CACM-2765 | 24.85159583730833 | 1.0 | 0.07692307692307693
45 | CACM-2816 | 19.818153109500635 | 1.0 | 0.11538461538461539
45 | CACM-1976 | 19.308224432120156 | 0.75 | 0.11538461538461539
45 | CACM-2969 | 19.181429364796227 | 0.8 | 0.15384615384615385
45 | CACM-1194 | 17.72810330391276 | 0.6666666666666666 | 0.15384615384615385
45 | CACM-2926 | 17.51423093349547 | 0.5714285714285714 | 0.15384615384615385
45 | CACM-2631 | 17.019595174747327 | 0.5 | 0.15384615384615385
45 | CACM-2988 | 16.77652329185895 | 0.4444444444444444 | 0.15384615384615385
45 | CACM-2860 | 16.382412458140898 | 0.4 | 0.15384615384615385
45 | CACM-2375 | 16.188362774925704 | 0.36363636363636365 | 0.15384615384615385
45 | CACM-1412 | 16.15660961047162 | 0.3333333333333333 | 0.15384615384615385
45 | CACM-2957 | 15.865019412490685 | 0.3076923076923077 | 0.15384615384615385
45 | CACM-2437 | 15.754506208640151 | 0.2857142857142857 | 0.15384615384615385
45 | CACM-2114 | 15.709622130385094 | 0.26666666666666666 | 0.15384615384615385
45 | CACM-2359 | 15.4401955452284 | 0.3125 | 0.19230769230769232
45 | CACM-2991 | 15.014212583328433 | 0.29411764705882354 | 0.19230769230769232
45 | CACM-3128 | 14.973970516893479 | 0.2777777777777778 | 0.19230769230769232
45 | CACM-2812 | 14.946492684194853 | 0.2631578947368421 | 0.19230769230769232
45 | CACM-3002 | 14.880193121263753 | 0.3 | 0.23076923076923078
45 | CACM-3181 | 14.687454255840803 | 0.2857142857142857 | 0.23076923076923078
45 | CACM-2319 | 14.561239614786231 | 0.2727272727272727 | 0.23076923076923078
45 | CACM-2669 | 14.557130756059241 | 0.30434782608695654 | 0.2692307692307692
45 | CACM-1519 | 14.46530151789759 | 0.2916666666666667 | 0.2692307692307692
45 | CACM-1680 | 14.3768802743096 | 0.28 | 0.2692307692307692
45 | CACM-2978 | 14.35522474828969 | 0.2692307692307692 | 0.2692307692307692
45 | CACM-2526 | 14.348057239323108 | 0.25925925925925924 | 0.2692307692307692
45 | CACM-0397 | 14.341395642327509 | 0.25 | 0.2692307692307692
45 | CACM-1534 | 14.318111892465438 | 0.2413793103448276 | 0.2692307692307692
45 | CACM-1652 | 13.92079427732411 | 0.23333333333333334 | 0.2692307692307692
45 | CACM-2318 | 13.859418105660703 | 0.22580645161290322 | 0.2692307692307692
45 | CACM-2716 | 13.828374329542966 | 0.25 | 0.3076923076923077
45 | CACM-1267 | 13.770136812272982 | 0.24242424242424243 | 0.3076923076923077
45 | CACM-2951 | 13.602830640041637 | 0.23529411764705882 | 0.3076923076923077
45 | CACM-1456 | 13.477126101122515 | 0.22857142857142856 | 0.3076923076923077
45 | CACM-1226 | 13.423697979342045 | 0.2222222222222222 | 0.3076923076923077
45 | CACM-1066 | 13.39079599269535 | 0.21621621621621623 | 0.3076923076923077
45 | CACM-3136 | 13.38735597263838 | 0.21052631578947367 | 0.3076923076923077
45 | CACM-2979 | 13.326087716430324 | 0.20512820512820512 | 0.3076923076923077
45 | CACM-0409 | 13.252711694729307 | 0.2 | 0.3076923076923077
45 | CACM-2451 | 13.239532132486925 | 0.1951219512195122 | 0.3076923076923077
45 | CACM-3070 | 13.237488254151282 | 0.19047619047619047 | 0.3076923076923077
45 | CACM-0696 | 13.202482873285913 | 0.18604651162790697 | 0.3076923076923077
45 | CACM-3028 | 13.12895674358659 | 0.18181818181818182 | 0.3076923076923077
45 | CACM-2406 | 13.056404473330904 | 0.17777777777777778 | 0.3076923076923077
45 | CACM-2358 | 12.991361515845975 | 0.17391304347826086 | 0.3076923076923077
45 | CACM-1908 | 12.954745862479221 | 0.1702127659574468 | 0.3076923076923077
45 | CACM-3134 | 12.919086046339809 | 0.16666666666666666 | 0.3076923076923077
45 | CACM-2949 | 12.872632492488624 | 0.16326530612244897 | 0.3076923076923077
45 | CACM-2307 | 12.864977714207845 | 0.16 | 0.3076923076923077
45 | CACM-2718 | 12.846843929906694 | 0.1568627450980392 | 0.3076923076923077
45 | CACM-3012 | 12.818398752693373 | 0.15384615384615385 | 0.3076923076923077
45 | CACM-2859 | 12.769213937530791 | 0.1509433962264151 | 0.3076923076923077
45 | CACM-2033 | 12.679703370238572 | 0.14814814814814814 | 0.3076923076923077
45 | CACM-3058 | 12.607177689649177 | 0.16363636363636364 | 0.34615384615384615
45 | CACM-1695 | 12.508898472989369 | 0.16071428571428573 | 0.34615384615384615
45 | CACM-2876 | 12.402330213508556 | 0.15789473684210525 | 0.34615384615384615
45 | CACM-2846 | 12.340601263750466 | 0.15517241379310345 | 0.34615384615384615
45 | CACM-1032 | 12.282218391719663 | 0.15254237288135594 | 0.34615384615384615
45 | CACM-2390 | 12.145485713973121 | 0.15 | 0.34615384615384615
45 | CACM-2862 | 12.125458378108878 | 0.14754098360655737 | 0.34615384615384615
45 | CACM-3089 | 12.118423650172769 | 0.14516129032258066 | 0.34615384615384615
45 | CACM-2484 | 12.07127385130791 | 0.14285714285714285 | 0.34615384615384615
45 | CACM-1699 | 12.034346423560702 | 0.140625 | 0.34615384615384615
45 | CACM-3090 | 12.00026886625186 | 0.13846153846153847 | 0.34615384615384615
45 | CACM-2680 | 11.914060883516507 | 0.15151515151515152 | 0.38461538461538464
45 | CACM-2059 | 11.900633296117638 | 0.14925373134328357 | 0.38461538461538464
45 | CACM-2593 | 11.834410541140196 | 0.14705882352941177 | 0.38461538461538464
45 | CACM-2977 | 11.82783600032689 | 0.14492753623188406 | 0.38461538461538464
45 | CACM-3129 | 11.782668589021851 | 0.15714285714285714 | 0.4230769230769231
45 | CACM-3087 | 11.67816266321099 | 0.15492957746478872 | 0.4230769230769231
45 | CACM-2634 | 11.664594902723218 | 0.1527777777777778 | 0.4230769230769231
45 | CACM-2928 | 11.64211354060857 | 0.1506849315068493 | 0.4230769230769231
45 | CACM-2140 | 11.638163131543507 | 0.16216216216216217 | 0.46153846153846156
45 | CACM-1854 | 11.617037889748858 | 0.16 | 0.46153846153846156
45 | CACM-2892 | 11.596713717063166 | 0.15789473684210525 | 0.46153846153846156
45 | CACM-2046 | 11.568917572178211 | 0.15584415584415584 | 0.46153846153846156
45 | CACM-3103 | 11.56292352723403 | 0.15384615384615385 | 0.46153846153846156
45 | CACM-1745 | 11.552928171144936 | 0.1518987341772152 | 0.46153846153846156
45 | CACM-2750 | 11.485824399052655 | 0.15 | 0.46153846153846156
45 | CACM-3011 | 11.441622271339025 | 0.14814814814814814 | 0.46153846153846156
45 | CACM-0944 | 11.365377524503073 | 0.14634146341463414 | 0.46153846153846156
45 | CACM-2064 | 11.244052792516195 | 0.14457831325301204 | 0.46153846153846156
45 | CACM-1033 | 11.144547729254041 | 0.14285714285714285 | 0.46153846153846156
45 | CACM-1700 | 11.113091435807695 | 0.1411764705882353 | 0.46153846153846156
45 | CACM-2882 | 11.093860496838564 | 0.1511627906976744 | 0.5
45 | CACM-3017 | 11.06719748000478 | 0.14942528735632185 | 0.5
45 | CACM-1828 | 11.06079031738585 | 0.14772727272727273 | 0.5
45 | CACM-2893 | 10.98499842736281 | 0.14606741573033707 | 0.5
45 | CACM-2542 | 10.960382228982487 | 0.14444444444444443 | 0.5
45 | CACM-0068 | 10.887645873913955 | 0.14285714285714285 | 0.5
45 | CACM-2324 | 10.857439931305544 | 0.14130434782608695 | 0.5
45 | CACM-1765 | 10.854699801578406 | 0.13978494623655913 | 0.5
45 | CACM-1515 | 10.84914375092251 | 0.13829787234042554 | 0.5
45 | CACM-1856 | 10.828005407758896 | 0.1368421052631579 | 0.5
45 | CACM-2984 | 10.813259463522437 | 0.13541666666666666 | 0.5
45 | CACM-2645 | 10.79612831430727 | 0.13402061855670103 | 0.5
45 | CACM-2092 | 10.778788405134424 | 0.1326530612244898 | 0.5
45 | CACM-2741 | 10.759880583252203 | 0.13131313131313133 | 0.5
45 | CACM-0462 | 10.683682623399415 | 0.13 | 0.5
