queryId | docId | score | precision | recall
38 | CACM-2082 | 25.138195468850142 | 0.0 | 0.0
38 | CACM-2705 | 17.275461354839635 | 0.0 | 0.0
38 | CACM-2941 | 16.322945210461594 | 0.3333333333333333 | 0.0625
38 | CACM-2958 | 15.861203778225473 | 0.5 | 0.125
38 | CACM-0670 | 15.395676188282732 | 0.4 | 0.125
38 | CACM-3103 | 15.269279323363692 | 0.5 | 0.1875
38 | CACM-3105 | 15.26590630012144 | 0.42857142857142855 | 0.1875
38 | CACM-3031 | 15.148164067794376 | 0.5 | 0.25
38 | CACM-2867 | 12.503500899095869 | 0.4444444444444444 | 0.25
38 | CACM-2233 | 12.391407447467385 | 0.4 | 0.25
38 | CACM-2582 | 12.29140635048697 | 0.36363636363636365 | 0.25
38 | CACM-3087 | 11.817709471174275 | 0.3333333333333333 | 0.25
38 | CACM-2931 | 11.35334065970886 | 0.3076923076923077 | 0.25
38 | CACM-2940 | 11.181185732951981 | 0.35714285714285715 | 0.3125
38 | CACM-0616 | 11.023339514402975 | 0.3333333333333333 | 0.3125
38 | CACM-2651 | 10.981027377412444 | 0.375 | 0.375
38 | CACM-1614 | 10.796455959255736 | 0.35294117647058826 | 0.375
38 | CACM-1625 | 10.757865353014516 | 0.3333333333333333 | 0.375
38 | CACM-2956 | 10.438516808226865 | 0.3684210526315789 | 0.4375
38 | CACM-1907 | 10.348800173642973 | 0.35 | 0.4375
38 | CACM-1768 | 10.231626630196835 | 0.3333333333333333 | 0.4375
38 | CACM-2470 | 10.115912117513519 | 0.3181818181818182 | 0.4375
38 | CACM-2109 | 9.955321487373126 | 0.30434782608695654 | 0.4375
38 | CACM-2184 | 9.883146600579082 | 0.2916666666666667 | 0.4375
38 | CACM-2957 | 9.783435238854654 | 0.32 | 0.5
38 | CACM-1806 | 9.770704325593417 | 0.3076923076923077 | 0.5
38 | CACM-1698 | 9.733145735147591 | 0.2962962962962963 | 0.5
38 | CACM-1456 | 9.727399888522712 | 0.2857142857142857 | 0.5
38 | CACM-0483 | 9.66671967559977 | 0.27586206896551724 | 0.5
38 | CACM-1033 | 9.619459000309096 | 0.26666666666666666 | 0.5
38 | CACM-2084 | 9.578978832003662 | 0.25806451612903225 | 0.5
38 | CACM-0492 | 9.375958313301735 | 0.25 | 0.5
38 | CACM-2937 | 9.24144905577961 | 0.24242424242424243 | 0.5
38 | CACM-2002 | 9.118469931323766 | 0.23529411764705882 | 0.5
38 | CACM-1359 | 8.903899060719084 | 0.22857142857142856 | 0.5
38 | CACM-2341 | 8.891789997442915 | 0.2222222222222222 | 0.5
38 | CACM-2939 | 8.846106441786485 | 0.24324324324324326 | 0.5625
38 | CACM-2141 | 7.876263024759931 | 0.23684210526315788 | 0.5625
38 | CACM-0618 | 7.844062958006139 | 0.23076923076923078 | 0.5625
38 | CACM-3142 | 7.840873392324135 | 0.225 | 0.5625
38 | CACM-2832 | 7.801710133430774 | 0.21951219512195122 | 0.5625
38 | CACM-0435 | 7.750159670714261 | 0.21428571428571427 | 0.5625
38 | CACM-2265 | 7.439389283240094 | 0.23255813953488372 | 0.625
38 | CACM-2113 | 7.424108208085798 | 0.22727272727272727 | 0.625
38 | CACM-2424 | 7.36463278892642 | 0.2222222222222222 | 0.625
38 | CACM-1426 | 7.245874028999088 | 0.21739130434782608 | 0.625
38 | CACM-2632 | 7.220477229114369 | 0.23404255319148937 | 0.6875
38 | CACM-1470 | 7.072381939055836 | 0.22916666666666666 | 0.6875
38 | CACM-2527 | 7.071762624502316 | 0.22448979591836735 | 0.6875
38 | CACM-3006 | 6.985871563467713 | 0.22 | 0.6875
38 | CACM-3106 | 6.911602200247927 | 0.21568627450980393 | 0.6875
38 | CACM-0867 | 6.8166810475275845 | 0.21153846153846154 | 0.6875
38 | CACM-1108 | 6.675884572272937 | 0.20754716981132076 | 0.6875
38 | CACM-2572 | 6.6632952626452875 | 0.2037037037037037 | 0.6875
38 | CACM-2167 | 6.611288997833903 | 0.2 | 0.6875
38 | CACM-2356 | 6.578800974704415 | 0.19642857142857142 | 0.6875
38 | CACM-2897 | 6.5536052459175345 | 0.19298245614035087 | 0.6875
38 | CACM-1527 | 6.5475305142373985 | 0.1896551724137931 | 0.6875
38 | CACM-3148 | 6.546597834209781 | 0.1864406779661017 | 0.6875
38 | CACM-2450 | 6.539192475884428 | 0.18333333333333332 | 0.6875
38 | CACM-3133 | 6.46480966508174 | 0.18032786885245902 | 0.6875
38 | CACM-2247 | 6.38400345484212 | 0.1774193548387097 | 0.6875
38 | CACM-1012 | 6.335603003590665 | 0.1746031746031746 | 0.6875
38 | CACM-1769 | 6.316092296861161 | 0.171875 | 0.6875
38 | CACM-1435 | 6.281826182707368 | 0.16923076923076924 | 0.6875
38 | CACM-3166 | 6.1891346593888015 | 0.16666666666666666 | 0.6875
38 | CACM-0024 | 6.180690336018321 | 0.16417910447761194 | 0.6875
38 | CACM-0583 | 6.164928188324445 | 0.16176470588235295 | 0.6875
38 | CACM-2310 | 6.116366695846711 | 0.15942028985507245 | 0.6875
38 | CACM-3067 | 6.071532801213314 | 0.15714285714285714 | 0.6875
38 | CACM-1739 | 6.040455992950667 | 0.15492957746478872 | 0.6875
38 | CACM-1181 | 6.040127233699484 | 0.1527777777777778 | 0.6875
38 | CACM-2701 | 5.991343886809558 | 0.1506849315068493 | 0.6875
38 | CACM-1182 | 5.98442220376137 | 0.14864864864864866 | 0.6875
38 | CACM-2252 | 5.962963434239169 | 0.14666666666666667 | 0.6875
38 | CACM-2289 | 5.957133400650212 | 0.14473684210526316 | 0.6875
38 | CACM-2851 | 5.940947097631084 | 0.14285714285714285 | 0.6875
38 | CACM-0242 | 5.904771799507136 | 0.14102564102564102 | 0.6875
38 | CACM-1385 | 5.877176991586159 | 0.13924050632911392 | 0.6875
38 | CACM-0243 | 5.836806470720107 | 0.1375 | 0.6875
38 | CACM-0619 | 5.828597695614955 | 0.13580246913580246 | 0.6875
38 | CACM-0605 | 5.828249507246834 | 0.13414634146341464 | 0.6875
38 | CACM-2083 | 5.817631760727039 | 0.13253012048192772 | 0.6875
38 | CACM-1390 | 5.813439510642714 | 0.13095238095238096 | 0.6875
38 | CACM-0251 | 5.812141186229247 | 0.12941176470588237 | 0.6875
38 | CACM-1867 | 5.795446665435984 | 0.12790697674418605 | 0.6875
38 | CACM-1014 | 5.771566517672578 | 0.12643678160919541 | 0.6875
38 | CACM-1364 | 5.751542720464057 | 0.125 | 0.6875
38 | CACM-0463 | 5.748355430228403 | 0.12359550561797752 | 0.6875
38 | CACM-1737 | 5.732716536343948 | 0.12222222222222222 | 0.6875
38 | CACM-0897 | 5.679829684757186 | 0.12087912087912088 | 0.6875
38 | CACM-2299 | 5.662245778716154 | 0.11956521739130435 | 0.6875
38 | CACM-1398 | 5.660082917021741 | 0.11827956989247312 | 0.6875
38 | CACM-1397 | 5.660037337987261 | 0.11702127659574468 | 0.6875
38 | CACM-2667 | 5.654638728530907 | 0.11578947368421053 | 0.6875
38 | CACM-1719 | 5.62253383991527 | 0.11458333333333333 | 0.6875
38 | CACM-2046 | 5.606314942025531 | 0.1134020618556701 | 0.6875
38 | CACM-1623 | 5.559708220336865 | 0.11224489795918367 | 0.6875
38 | CACM-2032 | 5.5504002283147535 | 0.1111111111111111 | 0.6875
38 | CACM-2815 | 5.539839922172187 | 0.11 | 0.6875
