queryId | docId | score | precision | recall
5 | CACM-1829 | -213.48463539598964 | 0.0 | 0.0
5 | CACM-2629 | -216.53850822458756 | 0.0 | 0.0
5 | CACM-2035 | -217.32766173190538 | 0.3333333333333333 | 0.125
5 | CACM-2786 | -217.55966831473165 | 0.25 | 0.125
5 | CACM-2169 | -220.07656436158678 | 0.2 | 0.125
5 | CACM-0892 | -220.59775166947605 | 0.16666666666666666 | 0.125
5 | CACM-1978 | -220.72322280447034 | 0.14285714285714285 | 0.125
5 | CACM-1671 | -221.0519858384464 | 0.125 | 0.125
5 | CACM-2396 | -221.4142139891432 | 0.1111111111111111 | 0.125
5 | CACM-2321 | -221.68782006524572 | 0.1 | 0.125
5 | CACM-1699 | -221.7831790099635 | 0.09090909090909091 | 0.125
5 | CACM-2483 | -222.44020683493068 | 0.08333333333333333 | 0.125
5 | CACM-2820 | -222.65083628558168 | 0.15384615384615385 | 0.25
5 | CACM-2299 | -222.8087962239894 | 0.21428571428571427 | 0.375
5 | CACM-2003 | -223.02605157461676 | 0.2 | 0.375
5 | CACM-2252 | -223.04688121442305 | 0.1875 | 0.375
5 | CACM-1698 | -223.50408823367437 | 0.17647058823529413 | 0.375
5 | CACM-3147 | -223.5245809196421 | 0.16666666666666666 | 0.375
5 | CACM-2873 | -223.55364606069656 | 0.15789473684210525 | 0.375
5 | CACM-3102 | -223.78626124420134 | 0.15 | 0.375
5 | CACM-2106 | -223.95271440700114 | 0.14285714285714285 | 0.375
5 | CACM-2622 | -223.98233080869116 | 0.13636363636363635 | 0.375
5 | CACM-2247 | -224.03103914203467 | 0.13043478260869565 | 0.375
5 | CACM-1605 | -224.05471442122413 | 0.125 | 0.375
5 | CACM-2138 | -224.08747056092815 | 0.12 | 0.375
5 | CACM-3035 | -224.10436113558674 | 0.11538461538461539 | 0.375
5 | CACM-2956 | -224.84991020373437 | 0.1111111111111111 | 0.375
5 | CACM-1589 | -224.91607139041417 | 0.10714285714285714 | 0.375
5 | CACM-1502 | -225.08793963284654 | 0.13793103448275862 | 0.5
5 | CACM-1491 | -225.19774185241494 | 0.13333333333333333 | 0.5
5 | CACM-2535 | -225.2827569488654 | 0.12903225806451613 | 0.5
5 | CACM-3127 | -225.39044325529804 | 0.125 | 0.5
5 | CACM-1764 | -225.43264472229203 | 0.12121212121212122 | 0.5
5 | CACM-1519 | -225.4813833978091 | 0.11764705882352941 | 0.5
5 | CACM-1281 | -225.51863654623008 | 0.11428571428571428 | 0.5
5 | CACM-2592 | -225.61803328109383 | 0.1111111111111111 | 0.5
5 | CACM-2357 | -225.62221718561213 | 0.10810810810810811 | 0.5
5 | CACM-2841 | -225.6610697370071 | 0.10526315789473684 | 0.5
5 | CACM-1487 | -225.71158007938058 | 0.10256410256410256 | 0.5
5 | CACM-3087 | -225.7869494771766 | 0.1 | 0.5
5 | CACM-0972 | -225.95806189133268 | 0.0975609756097561 | 0.5
5 | CACM-1603 | -226.0096019157548 | 0.09523809523809523 | 0.5
5 | CACM-1960 | -226.08233450962462 | 0.09302325581395349 | 0.5
5 | CACM-1962 | -226.2352623435342 | 0.09090909090909091 | 0.5
5 | CACM-1853 | -226.36163131598332 | 0.08888888888888889 | 0.5
5 | CACM-2145 | -226.3741237478437 | 0.08695652173913043 | 0.5
5 | CACM-1253 | -226.37928267623425 | 0.0851063829787234 | 0.5
5 | CACM-2314 | -226.41274616620788 | 0.08333333333333333 | 0.5
5 | CACM-1409 | -226.5167571370055 | 0.08163265306122448 | 0.5
5 | CACM-2771 | -226.59868999165326 | 0.08 | 0.5
5 | CACM-3050 | -226.76488047065453 | 0.0784313725490196 | 0.5
5 | CACM-1810 | -226.8822736906352 | 0.07692307692307693 | 0.5
5 | CACM-2715 | -226.88715210158603 | 0.07547169811320754 | 0.5
5 | CACM-2990 | -226.9135472089882 | 0.07407407407407407 | 0.5
5 | CACM-1937 | -226.93005651867776 | 0.07272727272727272 | 0.5
5 | CACM-1923 | -226.9996724785807 | 0.07142857142857142 | 0.5
5 | CACM-3054 | -227.03934701436674 | 0.07017543859649122 | 0.5
5 | CACM-1930 | -227.05456901580934 | 0.06896551724137931 | 0.5
5 | CACM-1708 | -227.07085996035335 | 0.06779661016949153 | 0.5
5 | CACM-2947 | -227.17067131623347 | 0.06666666666666667 | 0.5
5 | CACM-2002 | -227.251268858747 | 0.06557377049180328 | 0.5
5 | CACM-1238 | -227.2740242633644 | 0.06451612903225806 | 0.5
5 | CACM-1421 | -227.28397645081432 | 0.06349206349206349 | 0.5
5 | CACM-2344 | -227.41124589970087 | 0.0625 | 0.5
5 | CACM-2217 | -227.42135588029697 | 0.06153846153846154 | 0.5
5 | CACM-3144 | -227.55998393925833 | 0.06060606060606061 | 0.5
5 | CACM-1392 | -227.69067633348112 | 0.05970149253731343 | 0.5
5 | CACM-2155 | -227.707281756506 | 0.058823529411764705 | 0.5
5 | CACM-2959 | -227.71206451908833 | 0.057971014492753624 | 0.5
5 | CACM-1612 | -227.8059704718964 | 0.05714285714285714 | 0.5
5 | CACM-1270 | -227.83496752333224 | 0.056338028169014086 | 0.5
5 | CACM-2380 | -227.8774776457263 | 0.05555555555555555 | 0.5
5 | CACM-1651 | -227.97703945255054 | 0.0547945205479452 | 0.5
5 | CACM-1307 | -227.97827690006622 | 0.06756756756756757 | 0.625
5 | CACM-2399 | -228.00153610274327 | 0.08 | 0.75
5 | CACM-1742 | -228.00159198494646 | 0.07894736842105263 | 0.75
5 | CACM-1465 | -228.01407951247833 | 0.07792207792207792 | 0.75
5 | CACM-2916 | -228.01670761084867 | 0.07692307692307693 | 0.75
5 | CACM-2499 | -228.0554704169538 | 0.0759493670886076 | 0.75
5 | CACM-1516 | -228.06401178187366 | 0.075 | 0.75
5 | CACM-2187 | -228.1942061625926 | 0.07407407407407407 | 0.75
5 | CACM-2542 | -228.2447218384211 | 0.07317073170731707 | 0.75
5 | CACM-1682 | -228.27273234177972 | 0.07228915662650602 | 0.75
5 | CACM-0695 | -228.30711344875837 | 0.07142857142857142 | 0.75
5 | CACM-1571 | -228.3423840354113 | 0.07058823529411765 | 0.75
5 | CACM-2390 | -228.37441067486557 | 0.06976744186046512 | 0.75
5 | CACM-2645 | -228.40899825029305 | 0.06896551724137931 | 0.75
5 | CACM-3012 | -228.42373614915164 | 0.06818181818181818 | 0.75
5 | CACM-1642 | -228.4313636452067 | 0.06741573033707865 | 0.75
5 | CACM-2950 | -228.43660885130672 | 0.06666666666666667 | 0.75
5 | CACM-1664 | -228.55690246214468 | 0.06593406593406594 | 0.75
5 | CACM-1135 | -228.56524050984493 | 0.06521739130434782 | 0.75
5 | CACM-2887 | -228.65227727658862 | 0.06451612903225806 | 0.75
5 | CACM-0435 | -228.72675007100045 | 0.06382978723404255 | 0.75
5 | CACM-2439 | -228.747553976902 | 0.06315789473684211 | 0.75
5 | CACM-2153 | -228.75177460668087 | 0.0625 | 0.75
5 | CACM-0679 | -228.81440532638527 | 0.061855670103092786 | 0.75
5 | CACM-2358 | -228.81735893147723 | 0.061224489795918366 | 0.75
5 | CACM-1408 | -228.8350427858318 | 0.06060606060606061 | 0.75
5 | CACM-1395 | -228.84340869481045 | 0.06 | 0.75
