queryId | docId | score | precision | recall
14 | CACM-2964 | -152.625953258491 | 0.0 | 0.0
14 | CACM-2674 | -153.64711432777747 | 0.0 | 0.0
14 | CACM-2691 | -153.65242287051512 | 0.0 | 0.0
14 | CACM-2257 | -153.7689083414881 | 0.0 | 0.0
14 | CACM-2495 | -154.00975859969049 | 0.0 | 0.0
14 | CACM-2679 | -154.25264022972866 | 0.16666666666666666 | 0.022727272727272728
14 | CACM-2890 | -154.4050308228563 | 0.14285714285714285 | 0.022727272727272728
14 | CACM-2819 | -154.82074033370773 | 0.125 | 0.022727272727272728
14 | CACM-2959 | -155.0682593386408 | 0.1111111111111111 | 0.022727272727272728
14 | CACM-0862 | -155.0795846196191 | 0.1 | 0.022727272727272728
14 | CACM-2586 | -155.22082567884573 | 0.09090909090909091 | 0.022727272727272728
14 | CACM-2181 | -155.4254953149641 | 0.08333333333333333 | 0.022727272727272728
14 | CACM-3112 | -155.72464188571453 | 0.07692307692307693 | 0.022727272727272728
14 | CACM-2926 | -155.73840751976817 | 0.07142857142857142 | 0.022727272727272728
14 | CACM-2450 | -155.76200597392761 | 0.06666666666666667 | 0.022727272727272728
14 | CACM-0401 | -155.8028897285654 | 0.0625 | 0.022727272727272728
14 | CACM-0411 | -155.85976193990126 | 0.058823529411764705 | 0.022727272727272728
14 | CACM-2397 | -155.861768216579 | 0.1111111111111111 | 0.045454545454545456
14 | CACM-0634 | -155.92758647192508 | 0.10526315789473684 | 0.045454545454545456
14 | CACM-3037 | -155.99212161007495 | 0.1 | 0.045454545454545456
14 | CACM-3164 | -156.03565208298372 | 0.09523809523809523 | 0.045454545454545456
14 | CACM-2856 | -156.07469649858635 | 0.09090909090909091 | 0.045454545454545456
14 | CACM-0853 | -156.16165779247365 | 0.08695652173913043 | 0.045454545454545456
14 | CACM-3131 | -156.18531044888803 | 0.08333333333333333 | 0.045454545454545456
14 | CACM-2931 | -156.19608671029806 | 0.08 | 0.045454545454545456
14 | CACM-2924 | -156.2432146117244 | 0.07692307692307693 | 0.045454545454545456
14 | CACM-0400 | -156.2774621140681 | 0.07407407407407407 | 0.045454545454545456
14 | CACM-2289 | -156.3322327509467 | 0.07142857142857142 | 0.045454545454545456
14 | CACM-2426 | -156.72153598223878 | 0.06896551724137931 | 0.045454545454545456
14 | CACM-2368 | -156.74158293328358 | 0.06666666666666667 | 0.045454545454545456
14 | CACM-2716 | -156.7557525516708 | 0.0967741935483871 | 0.06818181818181818
14 | CACM-3163 | -156.7765105584021 | 0.09375 | 0.06818181818181818
14 | CACM-2973 | -156.78423036333322 | 0.09090909090909091 | 0.06818181818181818
14 | CACM-2968 | -157.11285682084707 | 0.08823529411764706 | 0.06818181818181818
14 | CACM-2348 | -157.1221751157677 | 0.11428571428571428 | 0.09090909090909091
14 | CACM-3029 | -157.1339782062171 | 0.1111111111111111 | 0.09090909090909091
14 | CACM-2563 | -157.14608705880812 | 0.13513513513513514 | 0.11363636363636363
14 | CACM-2451 | -157.16579747896506 | 0.13157894736842105 | 0.11363636363636363
14 | CACM-2992 | -157.2038581112438 | 0.1282051282051282 | 0.11363636363636363
14 | CACM-1752 | -157.24143744241164 | 0.125 | 0.11363636363636363
14 | CACM-1122 | -157.2442091278081 | 0.12195121951219512 | 0.11363636363636363
14 | CACM-1851 | -157.29097894923535 | 0.11904761904761904 | 0.11363636363636363
14 | CACM-2976 | -157.37476849653282 | 0.11627906976744186 | 0.11363636363636363
14 | CACM-2522 | -157.40694428242608 | 0.11363636363636363 | 0.11363636363636363
14 | CACM-2953 | -157.45701823014818 | 0.1111111111111111 | 0.11363636363636363
14 | CACM-2900 | -157.46303286363886 | 0.10869565217391304 | 0.11363636363636363
14 | CACM-0371 | -157.46570599627495 | 0.10638297872340426 | 0.11363636363636363
14 | CACM-2832 | -157.50844023302218 | 0.10416666666666667 | 0.11363636363636363
14 | CACM-1086 | -157.53813795950657 | 0.10204081632653061 | 0.11363636363636363
14 | CACM-2221 | -157.54578329811218 | 0.1 | 0.11363636363636363
14 | CACM-2997 | -157.5540957199008 | 0.09803921568627451 | 0.11363636363636363
14 | CACM-3087 | -157.59794745724795 | 0.09615384615384616 | 0.11363636363636363
14 | CACM-0216 | -157.6402396451036 | 0.09433962264150944 | 0.11363636363636363
14 | CACM-0622 | -157.69558626419533 | 0.09259259259259259 | 0.11363636363636363
14 | CACM-2889 | -157.72125242063888 | 0.09090909090909091 | 0.11363636363636363
14 | CACM-0132 | -157.78666846531746 | 0.08928571428571429 | 0.11363636363636363
14 | CACM-2877 | -157.79275848865197 | 0.08771929824561403 | 0.11363636363636363
14 | CACM-3058 | -157.82156113168276 | 0.08620689655172414 | 0.11363636363636363
14 | CACM-0307 | -157.85178553095892 | 0.0847457627118644 | 0.11363636363636363
14 | CACM-2750 | -157.8812068562591 | 0.08333333333333333 | 0.11363636363636363
14 | CACM-2836 | -157.95432941710098 | 0.08196721311475409 | 0.11363636363636363
14 | CACM-2174 | -157.97392010944438 | 0.08064516129032258 | 0.11363636363636363
14 | CACM-0655 | -158.0702907344871 | 0.07936507936507936 | 0.11363636363636363
14 | CACM-1151 | -158.07907121755048 | 0.078125 | 0.11363636363636363
14 | CACM-0662 | -158.1026153745982 | 0.07692307692307693 | 0.11363636363636363
14 | CACM-0701 | -158.1026153745982 | 0.07575757575757576 | 0.11363636363636363
14 | CACM-1191 | -158.14936071933954 | 0.07462686567164178 | 0.11363636363636363
14 | CACM-0841 | -158.1905135750476 | 0.07352941176470588 | 0.11363636363636363
14 | CACM-1328 | -158.19756829100274 | 0.07246376811594203 | 0.11363636363636363
14 | CACM-2797 | -158.20208042886844 | 0.07142857142857142 | 0.11363636363636363
14 | CACM-0822 | -158.21272250633484 | 0.07042253521126761 | 0.11363636363636363
14 | CACM-2337 | -158.25697113525877 | 0.08333333333333333 | 0.13636363636363635
14 | CACM-1197 | -158.31905881241116 | 0.0821917808219178 | 0.13636363636363635
14 | CACM-3132 | -158.3235020131274 | 0.08108108108108109 | 0.13636363636363635
14 | CACM-1146 | -158.3478200492292 | 0.08 | 0.13636363636363635
14 | CACM-2278 | -158.34922281763644 | 0.07894736842105263 | 0.13636363636363635
14 | CACM-0630 | -158.36909229202845 | 0.07792207792207792 | 0.13636363636363635
14 | CACM-2965 | -158.37620530502508 | 0.07692307692307693 | 0.13636363636363635
14 | CACM-2816 | -158.377530499277 | 0.0759493670886076 | 0.13636363636363635
14 | CACM-2932 | -158.39687736886992 | 0.075 | 0.13636363636363635
14 | CACM-3038 | -158.4005795399951 | 0.07407407407407407 | 0.13636363636363635
14 | CACM-3033 | -158.41245482264637 | 0.07317073170731707 | 0.13636363636363635
14 | CACM-2222 | -158.46256244707322 | 0.07228915662650602 | 0.13636363636363635
14 | CACM-0897 | -158.5102906242936 | 0.07142857142857142 | 0.13636363636363635
14 | CACM-0270 | -158.52412609156454 | 0.07058823529411765 | 0.13636363636363635
14 | CACM-2812 | -158.52642075646375 | 0.06976744186046512 | 0.13636363636363635
14 | CACM-2963 | -158.53555573432064 | 0.06896551724137931 | 0.13636363636363635
14 | CACM-2309 | -158.54203858120846 | 0.06818181818181818 | 0.13636363636363635
14 | CACM-2902 | -158.5435539916123 | 0.06741573033707865 | 0.13636363636363635
14 | CACM-2617 | -158.54726672818433 | 0.06666666666666667 | 0.13636363636363635
14 | CACM-2413 | -158.56291687021275 | 0.06593406593406594 | 0.13636363636363635
14 | CACM-2834 | -158.5751940852696 | 0.06521739130434782 | 0.13636363636363635
14 | CACM-0652 | -158.59793987426065 | 0.06451612903225806 | 0.13636363636363635
14 | CACM-0804 | -158.61649798323353 | 0.06382978723404255 | 0.13636363636363635
14 | CACM-0398 | -158.62085608248523 | 0.06315789473684211 | 0.13636363636363635
14 | CACM-2967 | -158.64051697754735 | 0.0625 | 0.13636363636363635
14 | CACM-0403 | -158.64296885437676 | 0.061855670103092786 | 0.13636363636363635
14 | CACM-0364 | -158.64342998768447 | 0.061224489795918366 | 0.13636363636363635
14 | CACM-1144 | -158.64666646152963 | 0.06060606060606061 | 0.13636363636363635
14 | CACM-1149 | -158.65297643752336 | 0.06 | 0.13636363636363635
