queryId | docId | score | precision | recall
9 | CACM-3068 | -131.7655379468635 | 1.0 | 0.1111111111111111
9 | CACM-3128 | -135.73152306879578 | 1.0 | 0.2222222222222222
9 | CACM-3082 | -135.90041760087834 | 0.6666666666666666 | 0.2222222222222222
9 | CACM-3038 | -136.11099865908588 | 0.5 | 0.2222222222222222
9 | CACM-2849 | -136.81564613034857 | 0.4 | 0.2222222222222222
9 | CACM-3141 | -137.26241976628253 | 0.3333333333333333 | 0.2222222222222222
9 | CACM-3043 | -137.42820486604873 | 0.2857142857142857 | 0.2222222222222222
9 | CACM-3137 | -137.45003183643607 | 0.25 | 0.2222222222222222
9 | CACM-3174 | -137.6046201135823 | 0.2222222222222222 | 0.2222222222222222
9 | CACM-2578 | -137.80793849954418 | 0.2 | 0.2222222222222222
9 | CACM-3076 | -137.95270850277325 | 0.18181818181818182 | 0.2222222222222222
9 | CACM-3158 | -138.12488399858645 | 0.25 | 0.3333333333333333
9 | CACM-3040 | -138.21222637653673 | 0.23076923076923078 | 0.3333333333333333
9 | CACM-2454 | -138.26825713690968 | 0.21428571428571427 | 0.3333333333333333
9 | CACM-3032 | -138.48158365619346 | 0.2 | 0.3333333333333333
9 | CACM-2371 | -138.65245396586184 | 0.1875 | 0.3333333333333333
9 | CACM-3119 | -138.68099501526825 | 0.17647058823529413 | 0.3333333333333333
9 | CACM-3070 | -138.79815530411932 | 0.16666666666666666 | 0.3333333333333333
9 | CACM-3061 | -138.912186457392 | 0.15789473684210525 | 0.3333333333333333
9 | CACM-3127 | -139.126922849768 | 0.15 | 0.3333333333333333
9 | CACM-3062 | -139.14277140217834 | 0.14285714285714285 | 0.3333333333333333
9 | CACM-0828 | -139.70354613557586 | 0.13636363636363635 | 0.3333333333333333
9 | CACM-3148 | -139.74350806437852 | 0.13043478260869565 | 0.3333333333333333
9 | CACM-3122 | -139.76335685455405 | 0.125 | 0.3333333333333333
9 | CACM-2949 | -139.89416094275822 | 0.12 | 0.3333333333333333
9 | CACM-2621 | -139.97397757553833 | 0.11538461538461539 | 0.3333333333333333
9 | CACM-3133 | -140.06937724689593 | 0.1111111111111111 | 0.3333333333333333
9 | CACM-3126 | -140.4159253029707 | 0.10714285714285714 | 0.3333333333333333
9 | CACM-3063 | -140.67278255522703 | 0.10344827586206896 | 0.3333333333333333
9 | CACM-3111 | -140.6847941366449 | 0.13333333333333333 | 0.4444444444444444
9 | CACM-2776 | -140.9513097059542 | 0.12903225806451613 | 0.4444444444444444
9 | CACM-2372 | -141.4118940890496 | 0.15625 | 0.5555555555555556
9 | CACM-3059 | -141.55081077710722 | 0.15151515151515152 | 0.5555555555555556
9 | CACM-3065 | -142.12191660310683 | 0.14705882352941177 | 0.5555555555555556
9 | CACM-1461 | -142.22111784988692 | 0.14285714285714285 | 0.5555555555555556
9 | CACM-0059 | -142.36134670471156 | 0.1388888888888889 | 0.5555555555555556
9 | CACM-2532 | -142.37295458804587 | 0.13513513513513514 | 0.5555555555555556
9 | CACM-1266 | -142.37551518412945 | 0.13157894736842105 | 0.5555555555555556
9 | CACM-2673 | -142.42457352367987 | 0.1282051282051282 | 0.5555555555555556
9 | CACM-3025 | -142.54527821554856 | 0.125 | 0.5555555555555556
9 | CACM-0652 | -142.7244641428572 | 0.12195121951219512 | 0.5555555555555556
9 | CACM-1745 | -142.82659571561146 | 0.11904761904761904 | 0.5555555555555556
9 | CACM-2614 | -142.95857372467523 | 0.11627906976744186 | 0.5555555555555556
9 | CACM-2581 | -143.18314042619 | 0.11363636363636363 | 0.5555555555555556
9 | CACM-1006 | -143.28646125432655 | 0.1111111111111111 | 0.5555555555555556
9 | CACM-0651 | -143.2878828456918 | 0.10869565217391304 | 0.5555555555555556
9 | CACM-3118 | -143.3791108993703 | 0.10638297872340426 | 0.5555555555555556
9 | CACM-2969 | -143.4287487201976 | 0.10416666666666667 | 0.5555555555555556
9 | CACM-3124 | -143.46877365818887 | 0.10204081632653061 | 0.5555555555555556
9 | CACM-3123 | -143.4833528683863 | 0.1 | 0.5555555555555556
9 | CACM-1153 | -143.48613599419986 | 0.09803921568627451 | 0.5555555555555556
9 | CACM-3161 | -143.54748711689848 | 0.09615384615384616 | 0.5555555555555556
9 | CACM-1685 | -143.54893750451907 | 0.09433962264150944 | 0.5555555555555556
9 | CACM-2424 | -143.57562553667572 | 0.09259259259259259 | 0.5555555555555556
9 | CACM-0238 | -143.7303107952328 | 0.09090909090909091 | 0.5555555555555556
9 | CACM-3153 | -143.74985573249236 | 0.08928571428571429 | 0.5555555555555556
9 | CACM-2046 | -143.754138870883 | 0.08771929824561403 | 0.5555555555555556
9 | CACM-3064 | -143.7781047824028 | 0.08620689655172414 | 0.5555555555555556
9 | CACM-3050 | -143.81408048291883 | 0.0847457627118644 | 0.5555555555555556
9 | CACM-1695 | -143.8206040372705 | 0.08333333333333333 | 0.5555555555555556
9 | CACM-2900 | -143.84636829764526 | 0.08196721311475409 | 0.5555555555555556
9 | CACM-2741 | -143.96993508694098 | 0.08064516129032258 | 0.5555555555555556
9 | CACM-2892 | -143.9769587247241 | 0.07936507936507936 | 0.5555555555555556
9 | CACM-3105 | -144.03434070539012 | 0.078125 | 0.5555555555555556
9 | CACM-0293 | -144.06726406062822 | 0.07692307692307693 | 0.5555555555555556
9 | CACM-3089 | -144.08743195646977 | 0.07575757575757576 | 0.5555555555555556
9 | CACM-2890 | -144.1066867650858 | 0.07462686567164178 | 0.5555555555555556
9 | CACM-2632 | -144.1310397882058 | 0.08823529411764706 | 0.6666666666666666
9 | CACM-3121 | -144.13990295080137 | 0.08695652173913043 | 0.6666666666666666
9 | CACM-1247 | -144.14321761115835 | 0.08571428571428572 | 0.6666666666666666
9 | CACM-3045 | -144.14323712077578 | 0.08450704225352113 | 0.6666666666666666
9 | CACM-2358 | -144.1774239428628 | 0.08333333333333333 | 0.6666666666666666
9 | CACM-0010 | -144.17922424509385 | 0.0821917808219178 | 0.6666666666666666
9 | CACM-3066 | -144.182872248904 | 0.08108108108108109 | 0.6666666666666666
9 | CACM-0088 | -144.2396998404135 | 0.08 | 0.6666666666666666
9 | CACM-2870 | -144.25364425395546 | 0.09210526315789473 | 0.7777777777777778
9 | CACM-3104 | -144.25590106859931 | 0.09090909090909091 | 0.7777777777777778
9 | CACM-0643 | -144.45427159246253 | 0.08974358974358974 | 0.7777777777777778
9 | CACM-3117 | -144.52506668474 | 0.08860759493670886 | 0.7777777777777778
9 | CACM-3084 | -144.54537198640773 | 0.0875 | 0.7777777777777778
9 | CACM-3011 | -144.71477195183047 | 0.08641975308641975 | 0.7777777777777778
9 | CACM-1750 | -144.74929096278964 | 0.08536585365853659 | 0.7777777777777778
9 | CACM-1928 | -144.76336869095567 | 0.08433734939759036 | 0.7777777777777778
9 | CACM-0239 | -144.835341616538 | 0.08333333333333333 | 0.7777777777777778
9 | CACM-0291 | -144.8868163667944 | 0.08235294117647059 | 0.7777777777777778
9 | CACM-3039 | -144.91848625041553 | 0.08139534883720931 | 0.7777777777777778
9 | CACM-3150 | -144.98732210326668 | 0.08045977011494253 | 0.7777777777777778
9 | CACM-1846 | -144.9959703139876 | 0.07954545454545454 | 0.7777777777777778
9 | CACM-3044 | -145.0112777677461 | 0.07865168539325842 | 0.7777777777777778
9 | CACM-3177 | -145.01231381728402 | 0.08888888888888889 | 0.8888888888888888
9 | CACM-1261 | -145.03505628338831 | 0.08791208791208792 | 0.8888888888888888
9 | CACM-2951 | -145.06329851820547 | 0.08695652173913043 | 0.8888888888888888
9 | CACM-2274 | -145.0797164193664 | 0.08602150537634409 | 0.8888888888888888
9 | CACM-3053 | -145.0993470702084 | 0.0851063829787234 | 0.8888888888888888
9 | CACM-3051 | -145.1331568498876 | 0.08421052631578947 | 0.8888888888888888
9 | CACM-0747 | -145.1705206777675 | 0.08333333333333333 | 0.8888888888888888
9 | CACM-0148 | -145.2405170423998 | 0.08247422680412371 | 0.8888888888888888
9 | CACM-2622 | -145.25170608008335 | 0.08163265306122448 | 0.8888888888888888
9 | CACM-2278 | -145.26178070248935 | 0.08080808080808081 | 0.8888888888888888
9 | CACM-3116 | -145.2989492244941 | 0.08 | 0.8888888888888888
