queryId | docId | score | precision | recall
61 | CACM-2711 | -204.27387255488782 | 1.0 | 0.03225806451612903
61 | CACM-2307 | -211.9562284414557 | 1.0 | 0.06451612903225806
61 | CACM-2451 | -214.62405643801827 | 1.0 | 0.0967741935483871
61 | CACM-2631 | -215.39989422308977 | 1.0 | 0.12903225806451613
61 | CACM-3134 | -216.1792560478345 | 1.0 | 0.16129032258064516
61 | CACM-2140 | -217.39712335037314 | 0.8333333333333334 | 0.16129032258064516
61 | CACM-1236 | -218.83360369495085 | 0.8571428571428571 | 0.1935483870967742
61 | CACM-2114 | -219.897299143744 | 0.75 | 0.1935483870967742
61 | CACM-2991 | -220.30555894618857 | 0.6666666666666666 | 0.1935483870967742
61 | CACM-2561 | -221.0691464777455 | 0.6 | 0.1935483870967742
61 | CACM-2746 | -221.0691652449937 | 0.5454545454545454 | 0.1935483870967742
61 | CACM-0634 | -221.48074364217038 | 0.5 | 0.1935483870967742
61 | CACM-1976 | -221.60049709215875 | 0.5384615384615384 | 0.22580645161290322
61 | CACM-2437 | -221.82596835497893 | 0.5 | 0.22580645161290322
61 | CACM-3129 | -221.87988425230125 | 0.4666666666666667 | 0.22580645161290322
61 | CACM-0397 | -221.8820186486988 | 0.4375 | 0.22580645161290322
61 | CACM-1457 | -222.33834081679302 | 0.47058823529411764 | 0.25806451612903225
61 | CACM-1935 | -222.58699293822662 | 0.4444444444444444 | 0.25806451612903225
61 | CACM-2882 | -222.71313040747503 | 0.42105263157894735 | 0.25806451612903225
61 | CACM-1194 | -222.86912217842726 | 0.4 | 0.25806451612903225
61 | CACM-2990 | -222.92195422084848 | 0.42857142857142855 | 0.2903225806451613
61 | CACM-2160 | -223.254217768803 | 0.45454545454545453 | 0.3225806451612903
61 | CACM-1927 | -223.330096653844 | 0.4782608695652174 | 0.3548387096774194
61 | CACM-2916 | -223.42902598857458 | 0.4583333333333333 | 0.3548387096774194
61 | CACM-1287 | -223.70461101788416 | 0.44 | 0.3548387096774194
61 | CACM-0239 | -223.99277930982282 | 0.4230769230769231 | 0.3548387096774194
61 | CACM-1700 | -224.3892386100411 | 0.4074074074074074 | 0.3548387096774194
61 | CACM-3072 | -224.90087179975998 | 0.39285714285714285 | 0.3548387096774194
61 | CACM-2033 | -224.99684768813307 | 0.3793103448275862 | 0.3548387096774194
61 | CACM-2484 | -225.61535257172838 | 0.36666666666666664 | 0.3548387096774194
61 | CACM-2947 | -225.69529573827072 | 0.3548387096774194 | 0.3548387096774194
61 | CACM-2374 | -225.73620303277008 | 0.34375 | 0.3548387096774194
61 | CACM-2109 | -225.79978229891304 | 0.3333333333333333 | 0.3548387096774194
61 | CACM-3087 | -225.86720447134715 | 0.3235294117647059 | 0.3548387096774194
61 | CACM-2968 | -226.14726435807844 | 0.3142857142857143 | 0.3548387096774194
61 | CACM-2978 | -226.16139876595892 | 0.3055555555555556 | 0.3548387096774194
61 | CACM-2883 | -226.19523844368814 | 0.2972972972972973 | 0.3548387096774194
61 | CACM-2258 | -226.4018353827814 | 0.2894736842105263 | 0.3548387096774194
61 | CACM-1808 | -226.54295702295457 | 0.28205128205128205 | 0.3548387096774194
61 | CACM-1135 | -226.54852498393586 | 0.275 | 0.3548387096774194
61 | CACM-1334 | -226.58447881295626 | 0.2682926829268293 | 0.3548387096774194
61 | CACM-2278 | -226.59078283049323 | 0.2619047619047619 | 0.3548387096774194
61 | CACM-2862 | -226.61596212920605 | 0.2558139534883721 | 0.3548387096774194
61 | CACM-2203 | -226.6740452279138 | 0.25 | 0.3548387096774194
61 | CACM-1046 | -226.696517379946 | 0.24444444444444444 | 0.3548387096774194
61 | CACM-2486 | -226.84901862193027 | 0.2391304347826087 | 0.3548387096774194
61 | CACM-3137 | -226.99911704940428 | 0.23404255319148937 | 0.3548387096774194
61 | CACM-1641 | -227.2339732233646 | 0.22916666666666666 | 0.3548387096774194
61 | CACM-1916 | -227.26461569813887 | 0.22448979591836735 | 0.3548387096774194
61 | CACM-1699 | -227.28921258838025 | 0.22 | 0.3548387096774194
61 | CACM-2524 | -227.29095841365324 | 0.23529411764705882 | 0.3870967741935484
61 | CACM-2516 | -227.411935834143 | 0.23076923076923078 | 0.3870967741935484
61 | CACM-0867 | -227.50464952817578 | 0.22641509433962265 | 0.3870967741935484
61 | CACM-2388 | -227.58303140079016 | 0.2222222222222222 | 0.3870967741935484
61 | CACM-1705 | -227.66634782604837 | 0.21818181818181817 | 0.3870967741935484
61 | CACM-2646 | -227.67373927599283 | 0.21428571428571427 | 0.3870967741935484
61 | CACM-2288 | -227.70900622943375 | 0.21052631578947367 | 0.3870967741935484
61 | CACM-2547 | -227.72757135695807 | 0.20689655172413793 | 0.3870967741935484
61 | CACM-1725 | -227.75839487150785 | 0.2033898305084746 | 0.3870967741935484
61 | CACM-2722 | -227.8905274435112 | 0.2 | 0.3870967741935484
61 | CACM-2494 | -227.9010812646114 | 0.19672131147540983 | 0.3870967741935484
61 | CACM-2680 | -227.97876108895912 | 0.1935483870967742 | 0.3870967741935484
61 | CACM-1830 | -228.21192820593464 | 0.20634920634920634 | 0.41935483870967744
61 | CACM-2517 | -228.27210049014997 | 0.203125 | 0.41935483870967744
61 | CACM-2251 | -228.49963692458496 | 0.2 | 0.41935483870967744
61 | CACM-3012 | -228.61538557007546 | 0.21212121212121213 | 0.45161290322580644
61 | CACM-1235 | -228.6715401886324 | 0.208955223880597 | 0.45161290322580644
61 | CACM-2920 | -228.72394938835862 | 0.20588235294117646 | 0.45161290322580644
61 | CACM-2969 | -228.74164986422682 | 0.2028985507246377 | 0.45161290322580644
61 | CACM-3033 | -228.8286325922547 | 0.2 | 0.45161290322580644
61 | CACM-2245 | -228.85129734022817 | 0.19718309859154928 | 0.45161290322580644
61 | CACM-2141 | -228.94798374557396 | 0.19444444444444445 | 0.45161290322580644
61 | CACM-2777 | -228.96530472924607 | 0.1917808219178082 | 0.45161290322580644
61 | CACM-3075 | -228.97809923328487 | 0.1891891891891892 | 0.45161290322580644
61 | CACM-0616 | -228.99132487296154 | 0.18666666666666668 | 0.45161290322580644
61 | CACM-1886 | -229.00703305693992 | 0.18421052631578946 | 0.45161290322580644
61 | CACM-0944 | -229.0283629184691 | 0.18181818181818182 | 0.45161290322580644
61 | CACM-1674 | -229.03003549205314 | 0.1794871794871795 | 0.45161290322580644
61 | CACM-2846 | -229.03625209255736 | 0.17721518987341772 | 0.45161290322580644
61 | CACM-2046 | -229.06484642666777 | 0.175 | 0.45161290322580644
61 | CACM-2816 | -229.09290462969773 | 0.1728395061728395 | 0.45161290322580644
61 | CACM-2965 | -229.10539842122446 | 0.18292682926829268 | 0.4838709677419355
61 | CACM-1398 | -229.11526715617543 | 0.18072289156626506 | 0.4838709677419355
61 | CACM-2523 | -229.1336671937383 | 0.17857142857142858 | 0.4838709677419355
61 | CACM-3168 | -229.2044886996619 | 0.18823529411764706 | 0.5161290322580645
61 | CACM-3084 | -229.20555537065118 | 0.18604651162790697 | 0.5161290322580645
61 | CACM-1651 | -229.20590905518313 | 0.1839080459770115 | 0.5161290322580645
61 | CACM-1871 | -229.2214823437217 | 0.18181818181818182 | 0.5161290322580645
61 | CACM-2493 | -229.2521289630523 | 0.1797752808988764 | 0.5161290322580645
61 | CACM-2053 | -229.30963241194044 | 0.17777777777777778 | 0.5161290322580645
61 | CACM-2107 | -229.332158308241 | 0.17582417582417584 | 0.5161290322580645
61 | CACM-1677 | -229.35106977815786 | 0.17391304347826086 | 0.5161290322580645
61 | CACM-0695 | -229.35836227905975 | 0.17204301075268819 | 0.5161290322580645
61 | CACM-1271 | -229.3627186433036 | 0.1702127659574468 | 0.5161290322580645
61 | CACM-3077 | -229.38631910555182 | 0.16842105263157894 | 0.5161290322580645
61 | CACM-3169 | -229.39399374387327 | 0.17708333333333334 | 0.5483870967741935
61 | CACM-1928 | -229.41354373508494 | 0.17525773195876287 | 0.5483870967741935
61 | CACM-1455 | -229.44292862852944 | 0.17346938775510204 | 0.5483870967741935
61 | CACM-0615 | -229.4744369756666 | 0.1717171717171717 | 0.5483870967741935
61 | CACM-2018 | -229.51348893290998 | 0.17 | 0.5483870967741935
