queryId | docId | score | precision | recall
10 | CACM-3075 | -77.8625025941849 | 1.0 | 0.02857142857142857
10 | CACM-1601 | -78.35728813482108 | 1.0 | 0.05714285714285714
10 | CACM-2842 | -78.80865849161304 | 0.6666666666666666 | 0.05714285714285714
10 | CACM-2895 | -78.83661016360625 | 0.75 | 0.08571428571428572
10 | CACM-2918 | -79.10064664612918 | 0.6 | 0.08571428571428572
10 | CACM-2785 | -79.17541375759262 | 0.6666666666666666 | 0.11428571428571428
10 | CACM-3198 | -79.67186804408013 | 0.5714285714285714 | 0.11428571428571428
10 | CACM-3059 | -79.74541296978474 | 0.5 | 0.11428571428571428
10 | CACM-3183 | -79.92545209507668 | 0.4444444444444444 | 0.11428571428571428
10 | CACM-1536 | -80.18835901908494 | 0.4 | 0.11428571428571428
10 | CACM-1708 | -80.34137439899645 | 0.36363636363636365 | 0.11428571428571428
10 | CACM-2289 | -80.45665741929231 | 0.4166666666666667 | 0.14285714285714285
10 | CACM-1441 | -80.6825961608849 | 0.38461538461538464 | 0.14285714285714285
10 | CACM-1098 | -81.03631554269005 | 0.35714285714285715 | 0.14285714285714285
10 | CACM-1145 | -81.08293798242498 | 0.3333333333333333 | 0.14285714285714285
10 | CACM-1569 | -81.13114543554423 | 0.3125 | 0.14285714285714285
10 | CACM-2305 | -81.1564545828958 | 0.29411764705882354 | 0.14285714285714285
10 | CACM-2312 | -81.18663360806691 | 0.2777777777777778 | 0.14285714285714285
10 | CACM-3073 | -81.18983408945316 | 0.2631578947368421 | 0.14285714285714285
10 | CACM-2266 | -81.20566223348918 | 0.25 | 0.14285714285714285
10 | CACM-2138 | -81.22162999452179 | 0.23809523809523808 | 0.14285714285714285
10 | CACM-3179 | -81.35641224344292 | 0.22727272727272727 | 0.14285714285714285
10 | CACM-0320 | -81.37739908802536 | 0.21739130434782608 | 0.14285714285714285
10 | CACM-2570 | -81.52559530921208 | 0.20833333333333334 | 0.14285714285714285
10 | CACM-3180 | -81.64804913882193 | 0.2 | 0.14285714285714285
10 | CACM-3181 | -81.6770250781106 | 0.19230769230769232 | 0.14285714285714285
10 | CACM-0828 | -81.68462096879364 | 0.18518518518518517 | 0.14285714285714285
10 | CACM-1111 | -81.73228168277095 | 0.17857142857142858 | 0.14285714285714285
10 | CACM-1457 | -81.9306090874152 | 0.1724137931034483 | 0.14285714285714285
10 | CACM-2851 | -81.9398383408749 | 0.2 | 0.17142857142857143
10 | CACM-1109 | -82.01965641379616 | 0.1935483870967742 | 0.17142857142857143
10 | CACM-2470 | -82.02772226076956 | 0.1875 | 0.17142857142857143
10 | CACM-2401 | -82.0400297492931 | 0.18181818181818182 | 0.17142857142857143
10 | CACM-1309 | -82.04894796686922 | 0.17647058823529413 | 0.17142857142857143
10 | CACM-2265 | -82.08652620777798 | 0.17142857142857143 | 0.17142857142857143
10 | CACM-1696 | -82.10972563688739 | 0.16666666666666666 | 0.17142857142857143
10 | CACM-2700 | -82.15589161643238 | 0.1891891891891892 | 0.2
10 | CACM-0303 | -82.20917797746672 | 0.18421052631578946 | 0.2
10 | CACM-1366 | -82.21029504864593 | 0.1794871794871795 | 0.2
10 | CACM-3121 | -82.21525801671133 | 0.175 | 0.2
10 | CACM-2896 | -82.24465904463403 | 0.1951219512195122 | 0.22857142857142856
10 | CACM-0731 | -82.24840365906128 | 0.19047619047619047 | 0.22857142857142856
10 | CACM-1083 | -82.26215431109834 | 0.18604651162790697 | 0.22857142857142856
10 | CACM-1603 | -82.40373332013061 | 0.18181818181818182 | 0.22857142857142856
10 | CACM-2805 | -82.4314428181778 | 0.17777777777777778 | 0.22857142857142856
10 | CACM-1087 | -82.43761161390667 | 0.17391304347826086 | 0.22857142857142856
10 | CACM-1988 | -82.47834593586028 | 0.1702127659574468 | 0.22857142857142856
10 | CACM-1199 | -82.48498015151216 | 0.16666666666666666 | 0.22857142857142856
10 | CACM-2931 | -82.52212980890826 | 0.16326530612244897 | 0.22857142857142856
10 | CACM-1439 | -82.60031844844771 | 0.16 | 0.22857142857142856
10 | CACM-3076 | -82.60299976226617 | 0.1568627450980392 | 0.22857142857142856
10 | CACM-2668 | -82.61910278238207 | 0.15384615384615385 | 0.22857142857142856
10 | CACM-1262 | -82.64065669417263 | 0.16981132075471697 | 0.2571428571428571
10 | CACM-2710 | -82.67358045537242 | 0.16666666666666666 | 0.2571428571428571
10 | CACM-2112 | -82.68008171423469 | 0.16363636363636364 | 0.2571428571428571
10 | CACM-2081 | -82.69023730362632 | 0.16071428571428573 | 0.2571428571428571
10 | CACM-3200 | -82.72584730456884 | 0.15789473684210525 | 0.2571428571428571
10 | CACM-2004 | -82.74892449164467 | 0.15517241379310345 | 0.2571428571428571
10 | CACM-1934 | -82.75002104736932 | 0.15254237288135594 | 0.2571428571428571
10 | CACM-3192 | -82.77222658000778 | 0.15 | 0.2571428571428571
10 | CACM-2685 | -82.80884599647489 | 0.16393442622950818 | 0.2857142857142857
10 | CACM-2580 | -82.81471664336905 | 0.16129032258064516 | 0.2857142857142857
10 | CACM-1237 | -82.81948918847453 | 0.15873015873015872 | 0.2857142857142857
10 | CACM-2135 | -82.82260091797342 | 0.15625 | 0.2857142857142857
10 | CACM-1474 | -82.83371309513485 | 0.15384615384615385 | 0.2857142857142857
10 | CACM-1572 | -82.83374701531015 | 0.15151515151515152 | 0.2857142857142857
10 | CACM-2996 | -82.87726982313586 | 0.14925373134328357 | 0.2857142857142857
10 | CACM-1438 | -82.92480386791111 | 0.14705882352941177 | 0.2857142857142857
10 | CACM-0321 | -82.92549152957562 | 0.14492753623188406 | 0.2857142857142857
10 | CACM-2739 | -82.92618109449292 | 0.14285714285714285 | 0.2857142857142857
10 | CACM-2616 | -82.941117372468 | 0.14084507042253522 | 0.2857142857142857
10 | CACM-3175 | -82.95318767520688 | 0.1388888888888889 | 0.2857142857142857
10 | CACM-2940 | -82.99576811655206 | 0.136986301369863 | 0.2857142857142857
10 | CACM-2705 | -83.00245022270211 | 0.13513513513513514 | 0.2857142857142857
10 | CACM-2603 | -83.04604016239821 | 0.13333333333333333 | 0.2857142857142857
10 | CACM-2892 | -83.04792893197961 | 0.13157894736842105 | 0.2857142857142857
10 | CACM-2605 | -83.06475136828018 | 0.12987012987012986 | 0.2857142857142857
10 | CACM-2180 | -83.07647642811332 | 0.1282051282051282 | 0.2857142857142857
10 | CACM-3201 | -83.11881000491093 | 0.12658227848101267 | 0.2857142857142857
10 | CACM-3190 | -83.14476237146667 | 0.125 | 0.2857142857142857
10 | CACM-1138 | -83.15391500039141 | 0.12345679012345678 | 0.2857142857142857
10 | CACM-2915 | -83.16835301587437 | 0.12195121951219512 | 0.2857142857142857
10 | CACM-2457 | -83.18089997211788 | 0.12048192771084337 | 0.2857142857142857
10 | CACM-1395 | -83.20024769948958 | 0.11904761904761904 | 0.2857142857142857
10 | CACM-2886 | -83.20420323846187 | 0.11764705882352941 | 0.2857142857142857
10 | CACM-1134 | -83.21271633953793 | 0.11627906976744186 | 0.2857142857142857
10 | CACM-1443 | -83.22526886941456 | 0.11494252873563218 | 0.2857142857142857
10 | CACM-2342 | -83.23356225121793 | 0.125 | 0.3142857142857143
10 | CACM-2306 | -83.24009509270273 | 0.12359550561797752 | 0.3142857142857143
10 | CACM-1116 | -83.24178652077691 | 0.12222222222222222 | 0.3142857142857143
10 | CACM-2707 | -83.28536683898736 | 0.12087912087912088 | 0.3142857142857143
10 | CACM-2433 | -83.2944079208034 | 0.13043478260869565 | 0.34285714285714286
10 | CACM-2251 | -83.29688587708796 | 0.12903225806451613 | 0.34285714285714286
10 | CACM-3077 | -83.3019725262542 | 0.1276595744680851 | 0.34285714285714286
10 | CACM-2865 | -83.31167466865921 | 0.12631578947368421 | 0.34285714285714286
10 | CACM-1484 | -83.37295429318927 | 0.125 | 0.34285714285714286
10 | CACM-1795 | -83.37629153392075 | 0.13402061855670103 | 0.37142857142857144
10 | CACM-3204 | -83.39471571268709 | 0.1326530612244898 | 0.37142857142857144
10 | CACM-1144 | -83.39892189416217 | 0.13131313131313133 | 0.37142857142857144
10 | CACM-2973 | -83.40592424284638 | 0.13 | 0.37142857142857144
