queryId | docId | score | precision | recall
3 | CACM-2975 | -113.73632796841788 | 0.0 | 0.0
3 | CACM-2974 | -115.6874330155722 | 0.0 | 0.0
3 | CACM-3126 | -116.31511247655587 | 0.0 | 0.0
3 | CACM-2917 | -116.3173177298293 | 0.0 | 0.0
3 | CACM-2905 | -116.69787610453241 | 0.0 | 0.0
3 | CACM-2976 | -117.80170362021885 | 0.0 | 0.0
3 | CACM-2921 | -117.98800067674594 | 0.0 | 0.0
3 | CACM-2929 | -119.00385910345148 | 0.0 | 0.0
3 | CACM-2934 | -119.0436953241723 | 0.0 | 0.0
3 | CACM-3178 | -119.15440811728753 | 0.0 | 0.0
3 | CACM-2908 | -119.2695234049673 | 0.0 | 0.0
3 | CACM-2952 | -119.64688360928069 | 0.0 | 0.0
3 | CACM-2990 | -119.7018416636058 | 0.0 | 0.0
3 | CACM-2995 | -119.73567336751638 | 0.0 | 0.0
3 | CACM-1496 | -119.78974487083526 | 0.0 | 0.0
3 | CACM-2904 | -119.80715327075487 | 0.0 | 0.0
3 | CACM-2935 | -119.82990431155632 | 0.0 | 0.0
3 | CACM-2814 | -119.95054541090083 | 0.0 | 0.0
3 | CACM-0433 | -120.0082118707895 | 0.0 | 0.0
3 | CACM-2895 | -120.15850137509433 | 0.0 | 0.0
3 | CACM-2939 | -120.15937839820008 | 0.0 | 0.0
3 | CACM-0205 | -120.1781110549115 | 0.0 | 0.0
3 | CACM-2945 | -120.35681268777107 | 0.0 | 0.0
3 | CACM-3124 | -120.39500928157798 | 0.0 | 0.0
3 | CACM-2956 | -120.39523019383148 | 0.0 | 0.0
3 | CACM-2960 | -120.49773906582887 | 0.0 | 0.0
3 | CACM-2572 | -120.54351740367963 | 0.0 | 0.0
3 | CACM-0434 | -120.55937079882929 | 0.0 | 0.0
3 | CACM-3130 | -120.57752868996936 | 0.0 | 0.0
3 | CACM-0799 | -120.67394286655131 | 0.0 | 0.0
3 | CACM-2909 | -120.7810026678278 | 0.0 | 0.0
3 | CACM-0436 | -120.7937507569238 | 0.0 | 0.0
3 | CACM-2978 | -120.99880153574915 | 0.0 | 0.0
3 | CACM-2964 | -121.03209530458248 | 0.0 | 0.0
3 | CACM-3053 | -121.04295571581939 | 0.0 | 0.0
3 | CACM-2977 | -121.0686923990268 | 0.0 | 0.0
3 | CACM-0426 | -121.06877746136227 | 0.0 | 0.0
3 | CACM-0239 | -121.1337418652969 | 0.0 | 0.0
3 | CACM-3099 | -121.13717309882084 | 0.0 | 0.0
3 | CACM-2886 | -121.20110203557981 | 0.0 | 0.0
3 | CACM-2942 | -121.20825078005628 | 0.0 | 0.0
3 | CACM-2947 | -121.24875504653933 | 0.0 | 0.0
3 | CACM-0427 | -121.25471623782971 | 0.0 | 0.0
3 | CACM-3093 | -121.25769201804007 | 0.0 | 0.0
3 | CACM-2941 | -121.30060316167209 | 0.0 | 0.0
3 | CACM-2992 | -121.35547695225041 | 0.0 | 0.0
3 | CACM-2965 | -121.3786020216886 | 0.0 | 0.0
3 | CACM-0249 | -121.41006271813615 | 0.0 | 0.0
3 | CACM-2932 | -121.42363160961439 | 0.0 | 0.0
3 | CACM-2704 | -121.4696501668962 | 0.0 | 0.0
3 | CACM-3171 | -121.54745278421787 | 0.0 | 0.0
3 | CACM-1157 | -121.56605529680633 | 0.0 | 0.0
3 | CACM-2983 | -121.58240753839713 | 0.0 | 0.0
3 | CACM-1134 | -121.63470987483892 | 0.018518518518518517 | 0.16666666666666666
3 | CACM-3102 | -121.6779486125507 | 0.01818181818181818 | 0.16666666666666666
3 | CACM-2032 | -121.67839944242164 | 0.017857142857142856 | 0.16666666666666666
3 | CACM-2991 | -121.72152760890467 | 0.017543859649122806 | 0.16666666666666666
3 | CACM-0951 | -121.78393995770345 | 0.017241379310344827 | 0.16666666666666666
3 | CACM-0428 | -121.80714555250059 | 0.01694915254237288 | 0.16666666666666666
3 | CACM-0430 | -121.80714555250059 | 0.016666666666666666 | 0.16666666666666666
3 | CACM-0431 | -121.80714555250059 | 0.01639344262295082 | 0.16666666666666666
3 | CACM-2587 | -121.82615184505688 | 0.016129032258064516 | 0.16666666666666666
3 | CACM-2061 | -121.88160519645943 | 0.015873015873015872 | 0.16666666666666666
3 | CACM-0077 | -121.90576935668001 | 0.015625 | 0.16666666666666666
3 | CACM-1484 | -121.98800159551232 | 0.015384615384615385 | 0.16666666666666666
3 | CACM-0438 | -122.03480744262953 | 0.015151515151515152 | 0.16666666666666666
3 | CACM-1029 | -122.03652730374684 | 0.014925373134328358 | 0.16666666666666666
3 | CACM-0463 | -122.07799206416219 | 0.014705882352941176 | 0.16666666666666666
3 | CACM-2899 | -122.11247161992497 | 0.014492753623188406 | 0.16666666666666666
3 | CACM-2989 | -122.1571040253873 | 0.014285714285714285 | 0.16666666666666666
3 | CACM-2867 | -122.15943881690968 | 0.014084507042253521 | 0.16666666666666666
3 | CACM-3176 | -122.29146390099542 | 0.013888888888888888 | 0.16666666666666666
3 | CACM-0432 | -122.29785679003648 | 0.0136986301369863 | 0.16666666666666666
3 | CACM-0437 | -122.29785679003648 | 0.013513513513513514 | 0.16666666666666666
3 | CACM-1338 | -122.32938303091514 | 0.013333333333333334 | 0.16666666666666666
3 | CACM-0051 | -122.36140835774175 | 0.013157894736842105 | 0.16666666666666666
3 | CACM-2579 | -122.38822701003154 | 0.012987012987012988 | 0.16666666666666666
3 | CACM-2112 | -122.3972430548385 | 0.01282051282051282 | 0.16666666666666666
3 | CACM-2940 | -122.54119150601258 | 0.012658227848101266 | 0.16666666666666666
3 | CACM-2936 | -122.54761971201188 | 0.0125 | 0.16666666666666666
3 | CACM-2982 | -122.55365928481159 | 0.012345679012345678 | 0.16666666666666666
3 | CACM-2901 | -122.55636159054299 | 0.012195121951219513 | 0.16666666666666666
3 | CACM-0041 | -122.58889135774005 | 0.012048192771084338 | 0.16666666666666666
3 | CACM-2986 | -122.63764395766664 | 0.011904761904761904 | 0.16666666666666666
3 | CACM-2139 | -122.72913742455697 | 0.011764705882352941 | 0.16666666666666666
3 | CACM-2946 | -122.7316407405845 | 0.011627906976744186 | 0.16666666666666666
3 | CACM-2933 | -122.7613949212669 | 0.011494252873563218 | 0.16666666666666666
3 | CACM-2894 | -122.76261323978927 | 0.011363636363636364 | 0.16666666666666666
3 | CACM-2411 | -122.77062796893229 | 0.011235955056179775 | 0.16666666666666666
3 | CACM-2910 | -122.77418968970731 | 0.011111111111111112 | 0.16666666666666666
3 | CACM-2962 | -122.77569549642872 | 0.01098901098901099 | 0.16666666666666666
3 | CACM-1207 | -122.77873848745513 | 0.010869565217391304 | 0.16666666666666666
3 | CACM-2138 | -122.81986060703926 | 0.010752688172043012 | 0.16666666666666666
3 | CACM-2673 | -122.8224440793053 | 0.010638297872340425 | 0.16666666666666666
3 | CACM-2860 | -122.83378376204483 | 0.010526315789473684 | 0.16666666666666666
3 | CACM-2918 | -122.84098245579072 | 0.010416666666666666 | 0.16666666666666666
3 | CACM-1168 | -122.87685094337424 | 0.010309278350515464 | 0.16666666666666666
3 | CACM-1151 | -122.89211924595293 | 0.01020408163265306 | 0.16666666666666666
3 | CACM-0954 | -122.9123437646556 | 0.010101010101010102 | 0.16666666666666666
3 | CACM-0429 | -122.94324958184475 | 0.01 | 0.16666666666666666
