queryId | docId | score | precision | recall
43 | CACM-1528 | -126.52594255439286 | 1.0 | 0.024390243902439025
43 | CACM-1553 | -130.6848882153009 | 0.5 | 0.024390243902439025
43 | CACM-1272 | -130.68531540142965 | 0.3333333333333333 | 0.024390243902439025
43 | CACM-2232 | -130.83349179135558 | 0.25 | 0.024390243902439025
43 | CACM-3149 | -130.87610872138 | 0.4 | 0.04878048780487805
43 | CACM-2113 | -131.02254516046156 | 0.3333333333333333 | 0.04878048780487805
43 | CACM-1399 | -132.63458504096707 | 0.2857142857142857 | 0.04878048780487805
43 | CACM-1260 | -134.33173326510635 | 0.25 | 0.04878048780487805
43 | CACM-3197 | -134.50461905163027 | 0.2222222222222222 | 0.04878048780487805
43 | CACM-2289 | -134.57053002973274 | 0.2 | 0.04878048780487805
43 | CACM-2751 | -134.6751906965934 | 0.2727272727272727 | 0.07317073170731707
43 | CACM-0462 | -134.8605467483426 | 0.25 | 0.07317073170731707
43 | CACM-0825 | -135.1665567964756 | 0.23076923076923078 | 0.07317073170731707
43 | CACM-2402 | -135.18079929939498 | 0.21428571428571427 | 0.07317073170731707
43 | CACM-2341 | -135.1848532029892 | 0.2 | 0.07317073170731707
43 | CACM-2910 | -135.18737982396934 | 0.25 | 0.0975609756097561
43 | CACM-3135 | -135.21757455165232 | 0.23529411764705882 | 0.0975609756097561
43 | CACM-2924 | -135.2346477575419 | 0.2777777777777778 | 0.12195121951219512
43 | CACM-2988 | -135.2566896855176 | 0.2631578947368421 | 0.12195121951219512
43 | CACM-0633 | -135.35454291386495 | 0.25 | 0.12195121951219512
43 | CACM-2308 | -135.4869945693682 | 0.23809523809523808 | 0.12195121951219512
43 | CACM-3046 | -135.56783648952583 | 0.22727272727272727 | 0.12195121951219512
43 | CACM-2310 | -135.72959971153142 | 0.21739130434782608 | 0.12195121951219512
43 | CACM-2556 | -135.89719825967998 | 0.20833333333333334 | 0.12195121951219512
43 | CACM-1427 | -135.90422262362253 | 0.2 | 0.12195121951219512
43 | CACM-3125 | -136.13696272643097 | 0.19230769230769232 | 0.12195121951219512
43 | CACM-1653 | -136.19353789854833 | 0.18518518518518517 | 0.12195121951219512
43 | CACM-0320 | -136.24288067454177 | 0.17857142857142858 | 0.12195121951219512
43 | CACM-1855 | -136.3005894391413 | 0.1724137931034483 | 0.12195121951219512
43 | CACM-2054 | -136.33525091600796 | 0.16666666666666666 | 0.12195121951219512
43 | CACM-1366 | -136.3631894526844 | 0.16129032258064516 | 0.12195121951219512
43 | CACM-3049 | -136.42553130527673 | 0.15625 | 0.12195121951219512
43 | CACM-2883 | -136.4287034364164 | 0.18181818181818182 | 0.14634146341463414
43 | CACM-3098 | -136.43824017230207 | 0.17647058823529413 | 0.14634146341463414
43 | CACM-1771 | -136.44813041306242 | 0.17142857142857143 | 0.14634146341463414
43 | CACM-1518 | -136.46626965649196 | 0.16666666666666666 | 0.14634146341463414
43 | CACM-1604 | -136.54311202113266 | 0.16216216216216217 | 0.14634146341463414
43 | CACM-2968 | -136.59247998554355 | 0.15789473684210525 | 0.14634146341463414
43 | CACM-2811 | -136.6096419418262 | 0.1794871794871795 | 0.17073170731707318
43 | CACM-2847 | -136.65683486310564 | 0.175 | 0.17073170731707318
43 | CACM-2387 | -136.6599071158321 | 0.17073170731707318 | 0.17073170731707318
43 | CACM-2339 | -136.6700894616566 | 0.16666666666666666 | 0.17073170731707318
43 | CACM-2828 | -136.7038779233955 | 0.18604651162790697 | 0.1951219512195122
43 | CACM-2771 | -136.79847216969736 | 0.20454545454545456 | 0.21951219512195122
43 | CACM-1726 | -136.8048820232271 | 0.2 | 0.21951219512195122
43 | CACM-0409 | -136.9081887852244 | 0.1956521739130435 | 0.21951219512195122
43 | CACM-2303 | -136.92102371433992 | 0.19148936170212766 | 0.21951219512195122
43 | CACM-2569 | -136.94917247138667 | 0.1875 | 0.21951219512195122
43 | CACM-1515 | -137.01708362187014 | 0.1836734693877551 | 0.21951219512195122
43 | CACM-2407 | -137.06054566135919 | 0.18 | 0.21951219512195122
43 | CACM-2494 | -137.06680269970735 | 0.17647058823529413 | 0.21951219512195122
43 | CACM-2367 | -137.1638797143579 | 0.17307692307692307 | 0.21951219512195122
43 | CACM-2703 | -137.16713182998132 | 0.16981132075471697 | 0.21951219512195122
43 | CACM-3170 | -137.17731875143426 | 0.16666666666666666 | 0.21951219512195122
43 | CACM-3143 | -137.1909362049016 | 0.16363636363636364 | 0.21951219512195122
43 | CACM-3047 | -137.2710153563326 | 0.17857142857142858 | 0.24390243902439024
43 | CACM-2947 | -137.3042380806322 | 0.17543859649122806 | 0.24390243902439024
43 | CACM-2153 | -137.3387519612263 | 0.1724137931034483 | 0.24390243902439024
43 | CACM-3100 | -137.4234479818736 | 0.1694915254237288 | 0.24390243902439024
43 | CACM-2547 | -137.43463099808488 | 0.16666666666666666 | 0.24390243902439024
43 | CACM-1590 | -137.4496546622948 | 0.16393442622950818 | 0.24390243902439024
43 | CACM-2375 | -137.5060423663955 | 0.16129032258064516 | 0.24390243902439024
43 | CACM-2959 | -137.522664453795 | 0.15873015873015872 | 0.24390243902439024
43 | CACM-2287 | -137.52375709113468 | 0.15625 | 0.24390243902439024
43 | CACM-2894 | -137.52612685985162 | 0.15384615384615385 | 0.24390243902439024
43 | CACM-2455 | -137.53648405434777 | 0.15151515151515152 | 0.24390243902439024
43 | CACM-1265 | -137.53953550488384 | 0.14925373134328357 | 0.24390243902439024
43 | CACM-2966 | -137.54163950968197 | 0.14705882352941177 | 0.24390243902439024
43 | CACM-1381 | -137.5565860727501 | 0.14492753623188406 | 0.24390243902439024
43 | CACM-2746 | -137.55761738173584 | 0.14285714285714285 | 0.24390243902439024
43 | CACM-2979 | -137.65568855527727 | 0.14084507042253522 | 0.24390243902439024
43 | CACM-2201 | -137.6767427100666 | 0.1527777777777778 | 0.2682926829268293
43 | CACM-2733 | -137.72193801360623 | 0.1506849315068493 | 0.2682926829268293
43 | CACM-1769 | -137.72518967270028 | 0.14864864864864866 | 0.2682926829268293
43 | CACM-1002 | -137.7432370434728 | 0.14666666666666667 | 0.2682926829268293
43 | CACM-2345 | -137.7919719390478 | 0.14473684210526316 | 0.2682926829268293
43 | CACM-2030 | -137.7975077661376 | 0.14285714285714285 | 0.2682926829268293
43 | CACM-2841 | -137.8105487413145 | 0.15384615384615385 | 0.2926829268292683
43 | CACM-2163 | -137.8132405556914 | 0.1518987341772152 | 0.2926829268292683
43 | CACM-2967 | -137.86898017528497 | 0.15 | 0.2926829268292683
43 | CACM-3107 | -137.87065961152712 | 0.14814814814814814 | 0.2926829268292683
43 | CACM-3136 | -137.8909534898235 | 0.14634146341463414 | 0.2926829268292683
43 | CACM-0495 | -137.92651496152752 | 0.14457831325301204 | 0.2926829268292683
43 | CACM-1182 | -137.9325358454316 | 0.14285714285714285 | 0.2926829268292683
43 | CACM-1135 | -137.9783853071077 | 0.1411764705882353 | 0.2926829268292683
43 | CACM-1404 | -138.08577723889178 | 0.13953488372093023 | 0.2926829268292683
43 | CACM-2325 | -138.13621972322292 | 0.13793103448275862 | 0.2926829268292683
43 | CACM-2980 | -138.15413204851052 | 0.13636363636363635 | 0.2926829268292683
43 | CACM-1808 | -138.15571976637318 | 0.1348314606741573 | 0.2926829268292683
43 | CACM-2812 | -138.17446829975322 | 0.13333333333333333 | 0.2926829268292683
43 | CACM-1844 | -138.22112099684958 | 0.13186813186813187 | 0.2926829268292683
43 | CACM-2829 | -138.25335401549236 | 0.14130434782608695 | 0.3170731707317073
43 | CACM-2754 | -138.2739494111288 | 0.15053763440860216 | 0.34146341463414637
43 | CACM-1543 | -138.28573229204906 | 0.14893617021276595 | 0.34146341463414637
43 | CACM-2372 | -138.33274449398874 | 0.14736842105263157 | 0.34146341463414637
43 | CACM-2825 | -138.33280157337603 | 0.14583333333333334 | 0.34146341463414637
43 | CACM-2903 | -138.43772468321148 | 0.14432989690721648 | 0.34146341463414637
43 | CACM-3165 | -138.49794387681206 | 0.14285714285714285 | 0.34146341463414637
43 | CACM-3078 | -138.55221942048345 | 0.1414141414141414 | 0.34146341463414637
43 | CACM-2370 | -138.55578287469692 | 0.14 | 0.34146341463414637
