queryId | docId | score | precision | recall
2 | CACM-3129 | -102.65264414599645 | 0.0 | 0.0
2 | CACM-3078 | -103.88576277956903 | 0.5 | 0.3333333333333333
2 | CACM-1977 | -104.80001691657856 | 0.3333333333333333 | 0.3333333333333333
2 | CACM-2786 | -105.15534623901638 | 0.25 | 0.3333333333333333
2 | CACM-1264 | -105.72463319915417 | 0.2 | 0.3333333333333333
2 | CACM-2434 | -105.7679521570831 | 0.3333333333333333 | 0.6666666666666666
2 | CACM-3144 | -106.09585358231391 | 0.2857142857142857 | 0.6666666666666666
2 | CACM-1046 | -106.28912757950985 | 0.25 | 0.6666666666666666
2 | CACM-0497 | -106.5133922633554 | 0.2222222222222222 | 0.6666666666666666
2 | CACM-0616 | -106.6618426165025 | 0.2 | 0.6666666666666666
2 | CACM-3202 | -106.68881067542483 | 0.18181818181818182 | 0.6666666666666666
2 | CACM-2177 | -107.04930592625738 | 0.16666666666666666 | 0.6666666666666666
2 | CACM-2939 | -107.13540883501068 | 0.15384615384615385 | 0.6666666666666666
2 | CACM-2534 | -107.3142322600859 | 0.14285714285714285 | 0.6666666666666666
2 | CACM-1652 | -107.49399523768415 | 0.13333333333333333 | 0.6666666666666666
2 | CACM-1010 | -107.5507614201124 | 0.125 | 0.6666666666666666
2 | CACM-1931 | -107.56453164339783 | 0.11764705882352941 | 0.6666666666666666
2 | CACM-1272 | -107.73893318282475 | 0.1111111111111111 | 0.6666666666666666
2 | CACM-0282 | -107.74491082381255 | 0.10526315789473684 | 0.6666666666666666
2 | CACM-1674 | -107.90513364522877 | 0.1 | 0.6666666666666666
2 | CACM-2572 | -108.08255705312638 | 0.09523809523809523 | 0.6666666666666666
2 | CACM-1519 | -108.13951760591095 | 0.09090909090909091 | 0.6666666666666666
2 | CACM-1062 | -108.1897760079408 | 0.08695652173913043 | 0.6666666666666666
2 | CACM-1593 | -108.4282050727592 | 0.08333333333333333 | 0.6666666666666666
2 | CACM-2342 | -108.47015072948687 | 0.08 | 0.6666666666666666
2 | CACM-1012 | -108.61855428184677 | 0.07692307692307693 | 0.6666666666666666
2 | CACM-3171 | -108.73919987614286 | 0.07407407407407407 | 0.6666666666666666
2 | CACM-1877 | -108.76337124709633 | 0.07142857142857142 | 0.6666666666666666
2 | CACM-0531 | -108.8134709716787 | 0.06896551724137931 | 0.6666666666666666
2 | CACM-2971 | -108.85376544410519 | 0.06666666666666667 | 0.6666666666666666
2 | CACM-1861 | -108.96316949321096 | 0.06451612903225806 | 0.6666666666666666
2 | CACM-2863 | -109.04006866883805 | 0.09375 | 1.0
2 | CACM-3117 | -109.1084695670864 | 0.09090909090909091 | 1.0
2 | CACM-2439 | -109.1168459492759 | 0.08823529411764706 | 1.0
2 | CACM-1553 | -109.13488945498347 | 0.08571428571428572 | 1.0
2 | CACM-2039 | -109.21423763830879 | 0.08333333333333333 | 1.0
2 | CACM-2215 | -109.25839487643651 | 0.08108108108108109 | 1.0
2 | CACM-1379 | -109.3055851870435 | 0.07894736842105263 | 1.0
2 | CACM-2047 | -109.34586657776794 | 0.07692307692307693 | 1.0
2 | CACM-1867 | -109.36944713515845 | 0.075 | 1.0
2 | CACM-2194 | -109.37107927869661 | 0.07317073170731707 | 1.0
2 | CACM-1975 | -109.39499906953907 | 0.07142857142857142 | 1.0
2 | CACM-1364 | -109.43672966417014 | 0.06976744186046512 | 1.0
2 | CACM-0727 | -109.51016482183084 | 0.06818181818181818 | 1.0
2 | CACM-2852 | -109.54512669406739 | 0.06666666666666667 | 1.0
2 | CACM-2980 | -109.640032495213 | 0.06521739130434782 | 1.0
2 | CACM-2002 | -109.65964243658834 | 0.06382978723404255 | 1.0
2 | CACM-1315 | -109.6627862257628 | 0.0625 | 1.0
2 | CACM-1154 | -109.69484135568948 | 0.061224489795918366 | 1.0
2 | CACM-1397 | -109.70685784682408 | 0.06 | 1.0
2 | CACM-0397 | -109.74689767605747 | 0.058823529411764705 | 1.0
2 | CACM-1764 | -109.75793268201681 | 0.057692307692307696 | 1.0
2 | CACM-1334 | -109.81406642105324 | 0.05660377358490566 | 1.0
2 | CACM-2352 | -109.8239392704854 | 0.05555555555555555 | 1.0
2 | CACM-2451 | -109.89812948459755 | 0.05454545454545454 | 1.0
2 | CACM-1542 | -109.99722066393727 | 0.05357142857142857 | 1.0
2 | CACM-1464 | -110.11189949721003 | 0.05263157894736842 | 1.0
2 | CACM-1651 | -110.21707273088109 | 0.05172413793103448 | 1.0
2 | CACM-2905 | -110.3012800402347 | 0.05084745762711865 | 1.0
2 | CACM-1259 | -110.3208751452168 | 0.05 | 1.0
2 | CACM-1486 | -110.34612883467418 | 0.04918032786885246 | 1.0
2 | CACM-1623 | -110.37518169475308 | 0.04838709677419355 | 1.0
2 | CACM-1846 | -110.42034304156917 | 0.047619047619047616 | 1.0
2 | CACM-2250 | -110.44302852109942 | 0.046875 | 1.0
2 | CACM-1564 | -110.46215678313456 | 0.046153846153846156 | 1.0
2 | CACM-0242 | -110.50549909247664 | 0.045454545454545456 | 1.0
2 | CACM-0626 | -110.53028981141594 | 0.04477611940298507 | 1.0
2 | CACM-1588 | -110.53444158201859 | 0.04411764705882353 | 1.0
2 | CACM-0670 | -110.54691356181237 | 0.043478260869565216 | 1.0
2 | CACM-2519 | -110.59525807727309 | 0.04285714285714286 | 1.0
2 | CACM-1671 | -110.63995546584269 | 0.04225352112676056 | 1.0
2 | CACM-3201 | -110.67694746039419 | 0.041666666666666664 | 1.0
2 | CACM-2143 | -110.71664825724253 | 0.0410958904109589 | 1.0
2 | CACM-2664 | -110.71683663765458 | 0.04054054054054054 | 1.0
2 | CACM-1705 | -110.72384274371558 | 0.04 | 1.0
2 | CACM-1930 | -110.76097086800013 | 0.039473684210526314 | 1.0
2 | CACM-2899 | -110.76836445982937 | 0.03896103896103896 | 1.0
2 | CACM-1527 | -110.77368678117924 | 0.038461538461538464 | 1.0
2 | CACM-1427 | -110.84135787744034 | 0.0379746835443038 | 1.0
2 | CACM-2317 | -110.85745813976988 | 0.0375 | 1.0
2 | CACM-3199 | -110.86931312154294 | 0.037037037037037035 | 1.0
2 | CACM-2368 | -110.87518405526583 | 0.036585365853658534 | 1.0
2 | CACM-2714 | -110.89513108197104 | 0.03614457831325301 | 1.0
2 | CACM-2986 | -110.91252552605212 | 0.03571428571428571 | 1.0
2 | CACM-3110 | -111.0150697526868 | 0.03529411764705882 | 1.0
2 | CACM-1886 | -111.03298492517266 | 0.03488372093023256 | 1.0
2 | CACM-2812 | -111.04234154868061 | 0.034482758620689655 | 1.0
2 | CACM-2486 | -111.05532878086211 | 0.03409090909090909 | 1.0
2 | CACM-2771 | -111.10740650912183 | 0.033707865168539325 | 1.0
2 | CACM-1309 | -111.12425960136468 | 0.03333333333333333 | 1.0
2 | CACM-1741 | -111.12677093533662 | 0.03296703296703297 | 1.0
2 | CACM-1014 | -111.15211429616772 | 0.03260869565217391 | 1.0
2 | CACM-1569 | -111.1572718893998 | 0.03225806451612903 | 1.0
2 | CACM-2304 | -111.16177749063826 | 0.031914893617021274 | 1.0
2 | CACM-1145 | -111.18426573697971 | 0.031578947368421054 | 1.0
2 | CACM-3194 | -111.2243334140833 | 0.03125 | 1.0
2 | CACM-3059 | -111.29322622476582 | 0.030927835051546393 | 1.0
2 | CACM-1924 | -111.29439400164028 | 0.030612244897959183 | 1.0
2 | CACM-2735 | -111.31201812720542 | 0.030303030303030304 | 1.0
2 | CACM-2233 | -111.31609699891459 | 0.03 | 1.0
