queryId | docId | score | precision | recall
21 | CACM-2337 | -37.29679825893961 | 0.0 | 0.0
21 | CACM-2325 | -37.800748153047444 | 0.0 | 0.0
21 | CACM-2997 | -38.99332378624835 | 0.0 | 0.0
21 | CACM-3086 | -39.6679487947369 | 0.0 | 0.0
21 | CACM-2837 | -40.08926240821106 | 0.0 | 0.0
21 | CACM-2110 | -41.086404596212134 | 0.0 | 0.0
21 | CACM-2216 | -41.15612236940309 | 0.0 | 0.0
21 | CACM-3018 | -41.42156805420746 | 0.125 | 0.09090909090909091
21 | CACM-2927 | -41.82642515788768 | 0.1111111111111111 | 0.09090909090909091
21 | CACM-2932 | -41.94200522998228 | 0.2 | 0.18181818181818182
21 | CACM-2743 | -42.25275111624171 | 0.18181818181818182 | 0.18181818181818182
21 | CACM-2986 | -42.470404030751936 | 0.16666666666666666 | 0.18181818181818182
21 | CACM-1309 | -42.54765853513493 | 0.15384615384615385 | 0.18181818181818182
21 | CACM-2950 | -42.79619882126222 | 0.14285714285714285 | 0.18181818181818182
21 | CACM-2251 | -43.02877195396698 | 0.13333333333333333 | 0.18181818181818182
21 | CACM-3070 | -43.03560977773144 | 0.125 | 0.18181818181818182
21 | CACM-2784 | -43.07601670169397 | 0.11764705882352941 | 0.18181818181818182
21 | CACM-1658 | -43.100165802191896 | 0.1111111111111111 | 0.18181818181818182
21 | CACM-2454 | -43.16193084407377 | 0.10526315789473684 | 0.18181818181818182
21 | CACM-3131 | -43.1620820364588 | 0.1 | 0.18181818181818182
21 | CACM-2706 | -43.3068861827556 | 0.09523809523809523 | 0.18181818181818182
21 | CACM-2679 | -43.49445675325439 | 0.09090909090909091 | 0.18181818181818182
21 | CACM-3162 | -43.51484367261901 | 0.08695652173913043 | 0.18181818181818182
21 | CACM-2702 | -43.546071728708995 | 0.125 | 0.2727272727272727
21 | CACM-1491 | -43.565614044038675 | 0.12 | 0.2727272727272727
21 | CACM-1619 | -43.680165230177614 | 0.11538461538461539 | 0.2727272727272727
21 | CACM-3055 | -43.83372813448578 | 0.1111111111111111 | 0.2727272727272727
21 | CACM-2365 | -43.90333045857704 | 0.10714285714285714 | 0.2727272727272727
21 | CACM-2936 | -43.908214176187045 | 0.10344827586206896 | 0.2727272727272727
21 | CACM-2903 | -43.916781835197305 | 0.1 | 0.2727272727272727
21 | CACM-1462 | -43.91834123842255 | 0.0967741935483871 | 0.2727272727272727
21 | CACM-2033 | -43.9407197746318 | 0.09375 | 0.2727272727272727
21 | CACM-2953 | -43.97829215893143 | 0.09090909090909091 | 0.2727272727272727
21 | CACM-2828 | -44.01721125090284 | 0.08823529411764706 | 0.2727272727272727
21 | CACM-2226 | -44.018887924435255 | 0.08571428571428572 | 0.2727272727272727
21 | CACM-3166 | -44.04935157429922 | 0.08333333333333333 | 0.2727272727272727
21 | CACM-2645 | -44.19646873151521 | 0.08108108108108109 | 0.2727272727272727
21 | CACM-2703 | -44.28822604730854 | 0.10526315789473684 | 0.36363636363636365
21 | CACM-2746 | -44.36946279425586 | 0.10256410256410256 | 0.36363636363636365
21 | CACM-3163 | -44.38156887713392 | 0.1 | 0.36363636363636365
21 | CACM-3037 | -44.40027140118249 | 0.0975609756097561 | 0.36363636363636365
21 | CACM-1957 | -44.41691604247478 | 0.09523809523809523 | 0.36363636363636365
21 | CACM-2499 | -44.58542271442517 | 0.09302325581395349 | 0.36363636363636365
21 | CACM-2749 | -44.599184881848544 | 0.09090909090909091 | 0.36363636363636365
21 | CACM-2766 | -44.630378221624674 | 0.08888888888888889 | 0.36363636363636365
21 | CACM-3110 | -44.652900577172254 | 0.08695652173913043 | 0.36363636363636365
21 | CACM-2855 | -44.69914635741658 | 0.0851063829787234 | 0.36363636363636365
21 | CACM-3151 | -44.8088576250912 | 0.08333333333333333 | 0.36363636363636365
21 | CACM-3032 | -44.84409085815061 | 0.08163265306122448 | 0.36363636363636365
21 | CACM-2289 | -44.93005135004621 | 0.08 | 0.36363636363636365
21 | CACM-3150 | -45.02716583548007 | 0.0784313725490196 | 0.36363636363636365
21 | CACM-1659 | -45.05813318134494 | 0.07692307692307693 | 0.36363636363636365
21 | CACM-0371 | -45.13826461267375 | 0.07547169811320754 | 0.36363636363636365
21 | CACM-1886 | -45.1449846252572 | 0.07407407407407407 | 0.36363636363636365
21 | CACM-2771 | -45.2147608586298 | 0.07272727272727272 | 0.36363636363636365
21 | CACM-2035 | -45.26407467106506 | 0.07142857142857142 | 0.36363636363636365
21 | CACM-2092 | -45.2987175704314 | 0.07017543859649122 | 0.36363636363636365
21 | CACM-2931 | -45.45383327779674 | 0.06896551724137931 | 0.36363636363636365
21 | CACM-2524 | -45.49394494966341 | 0.06779661016949153 | 0.36363636363636365
21 | CACM-2916 | -45.49895484581661 | 0.06666666666666667 | 0.36363636363636365
21 | CACM-2628 | -45.51476896883548 | 0.06557377049180328 | 0.36363636363636365
21 | CACM-1572 | -45.67357799987354 | 0.06451612903225806 | 0.36363636363636365
21 | CACM-1465 | -45.677013083466164 | 0.06349206349206349 | 0.36363636363636365
21 | CACM-1350 | -45.73447781779935 | 0.0625 | 0.36363636363636365
21 | CACM-1265 | -45.80561009312718 | 0.06153846153846154 | 0.36363636363636365
21 | CACM-2938 | -45.8137350805292 | 0.06060606060606061 | 0.36363636363636365
21 | CACM-2892 | -45.896220033153924 | 0.05970149253731343 | 0.36363636363636365
21 | CACM-3040 | -45.90932215214984 | 0.058823529411764705 | 0.36363636363636365
21 | CACM-3165 | -45.94334794769349 | 0.057971014492753624 | 0.36363636363636365
21 | CACM-2457 | -45.961093101780385 | 0.05714285714285714 | 0.36363636363636365
21 | CACM-2504 | -46.042877263781946 | 0.056338028169014086 | 0.36363636363636365
21 | CACM-2126 | -46.05066122092511 | 0.05555555555555555 | 0.36363636363636365
21 | CACM-2665 | -46.11123889681475 | 0.0547945205479452 | 0.36363636363636365
21 | CACM-1947 | -46.18661031815657 | 0.05405405405405406 | 0.36363636363636365
21 | CACM-3064 | -46.237186756369105 | 0.05333333333333334 | 0.36363636363636365
21 | CACM-3007 | -46.286300018775016 | 0.05263157894736842 | 0.36363636363636365
21 | CACM-3154 | -46.3099073607583 | 0.05194805194805195 | 0.36363636363636365
21 | CACM-2874 | -46.34680579318168 | 0.05128205128205128 | 0.36363636363636365
21 | CACM-1719 | -46.35387228540012 | 0.05063291139240506 | 0.36363636363636365
21 | CACM-3167 | -46.36100290906983 | 0.05 | 0.36363636363636365
21 | CACM-2417 | -46.47745494611309 | 0.04938271604938271 | 0.36363636363636365
21 | CACM-3045 | -46.496669392668295 | 0.04878048780487805 | 0.36363636363636365
21 | CACM-3140 | -46.512774909754434 | 0.04819277108433735 | 0.36363636363636365
21 | CACM-2882 | -46.5647062711016 | 0.047619047619047616 | 0.36363636363636365
21 | CACM-2623 | -46.61010332313008 | 0.047058823529411764 | 0.36363636363636365
21 | CACM-1225 | -46.614530710633 | 0.046511627906976744 | 0.36363636363636365
21 | CACM-0164 | -46.63774866573241 | 0.04597701149425287 | 0.36363636363636365
21 | CACM-0895 | -46.64785739344169 | 0.045454545454545456 | 0.36363636363636365
21 | CACM-2799 | -46.676039603183625 | 0.0449438202247191 | 0.36363636363636365
21 | CACM-1901 | -46.68222896201422 | 0.044444444444444446 | 0.36363636363636365
21 | CACM-0267 | -46.684065026806294 | 0.04395604395604396 | 0.36363636363636365
21 | CACM-3046 | -46.746905009382274 | 0.043478260869565216 | 0.36363636363636365
21 | CACM-0117 | -46.77066921905723 | 0.043010752688172046 | 0.36363636363636365
21 | CACM-1404 | -46.773625446608705 | 0.0425531914893617 | 0.36363636363636365
21 | CACM-1766 | -46.77545218295119 | 0.042105263157894736 | 0.36363636363636365
21 | CACM-0598 | -46.795489563732126 | 0.041666666666666664 | 0.36363636363636365
21 | CACM-2400 | -46.801170546232974 | 0.041237113402061855 | 0.36363636363636365
21 | CACM-2272 | -46.82101606214839 | 0.04081632653061224 | 0.36363636363636365
21 | CACM-2765 | -46.82337564578226 | 0.04040404040404041 | 0.36363636363636365
21 | CACM-2169 | -46.82785765450652 | 0.04 | 0.36363636363636365
