queryId | docId | score | precision | recall
30 | CACM-2341 | -91.53013883764413 | 0.0 | 0.0
30 | CACM-1926 | -91.61029223054825 | 0.5 | 0.25
30 | CACM-2876 | -92.60243494726862 | 0.3333333333333333 | 0.25
30 | CACM-3142 | -96.45966146208409 | 0.25 | 0.25
30 | CACM-1112 | -97.7841574413992 | 0.2 | 0.25
30 | CACM-2786 | -98.25679811577527 | 0.3333333333333333 | 0.5
30 | CACM-2987 | -99.59986720182945 | 0.2857142857142857 | 0.5
30 | CACM-2871 | -99.64695630315816 | 0.25 | 0.5
30 | CACM-2203 | -99.701299160701 | 0.2222222222222222 | 0.5
30 | CACM-1518 | -99.91292517957008 | 0.2 | 0.5
30 | CACM-2344 | -100.32955584691123 | 0.18181818181818182 | 0.5
30 | CACM-2980 | -100.35994489500602 | 0.16666666666666666 | 0.5
30 | CACM-0084 | -100.36548511976756 | 0.15384615384615385 | 0.5
30 | CACM-0397 | -100.53407161759458 | 0.14285714285714285 | 0.5
30 | CACM-2907 | -100.65778475069901 | 0.13333333333333333 | 0.5
30 | CACM-2375 | -100.725550223849 | 0.125 | 0.5
30 | CACM-1616 | -101.05945596255381 | 0.11764705882352941 | 0.5
30 | CACM-1739 | -101.0937529926503 | 0.1111111111111111 | 0.5
30 | CACM-1457 | -101.10689651923758 | 0.10526315789473684 | 0.5
30 | CACM-1644 | -101.11442844421921 | 0.1 | 0.5
30 | CACM-2457 | -101.13210035821571 | 0.09523809523809523 | 0.5
30 | CACM-0724 | -101.13418030490837 | 0.09090909090909091 | 0.5
30 | CACM-2864 | -101.30443936082226 | 0.08695652173913043 | 0.5
30 | CACM-2396 | -101.32283861699688 | 0.08333333333333333 | 0.5
30 | CACM-1170 | -101.32904939335074 | 0.08 | 0.5
30 | CACM-1046 | -101.36656812626794 | 0.07692307692307693 | 0.5
30 | CACM-2343 | -101.56622330995872 | 0.07407407407407407 | 0.5
30 | CACM-2931 | -101.67100960105635 | 0.07142857142857142 | 0.5
30 | CACM-1248 | -101.69318048137342 | 0.06896551724137931 | 0.5
30 | CACM-0300 | -101.70641889353111 | 0.06666666666666667 | 0.5
30 | CACM-0248 | -101.79302533731942 | 0.06451612903225806 | 0.5
30 | CACM-2572 | -101.83943952692618 | 0.0625 | 0.5
30 | CACM-2988 | -101.96482748666028 | 0.06060606060606061 | 0.5
30 | CACM-2629 | -101.9653116140455 | 0.058823529411764705 | 0.5
30 | CACM-2312 | -102.02394488733125 | 0.05714285714285714 | 0.5
30 | CACM-3089 | -102.06948116378624 | 0.05555555555555555 | 0.5
30 | CACM-1393 | -102.07381476437521 | 0.05405405405405406 | 0.5
30 | CACM-2399 | -102.10887897487942 | 0.05263157894736842 | 0.5
30 | CACM-3175 | -102.14894583361706 | 0.05128205128205128 | 0.5
30 | CACM-1256 | -102.1951979569996 | 0.05 | 0.5
30 | CACM-2947 | -102.19935134569846 | 0.04878048780487805 | 0.5
30 | CACM-1435 | -102.20826721913771 | 0.047619047619047616 | 0.5
30 | CACM-1856 | -102.22521860865126 | 0.046511627906976744 | 0.5
30 | CACM-2152 | -102.25039910786184 | 0.045454545454545456 | 0.5
30 | CACM-1977 | -102.33662098360593 | 0.044444444444444446 | 0.5
30 | CACM-1890 | -102.38213707073967 | 0.043478260869565216 | 0.5
30 | CACM-1470 | -102.45241782622323 | 0.0425531914893617 | 0.5
30 | CACM-2631 | -102.46465412634657 | 0.041666666666666664 | 0.5
30 | CACM-0195 | -102.47915706608876 | 0.04081632653061224 | 0.5
30 | CACM-0321 | -102.4984950667432 | 0.04 | 0.5
30 | CACM-2922 | -102.50792633301286 | 0.0392156862745098 | 0.5
30 | CACM-1001 | -102.57553161315803 | 0.038461538461538464 | 0.5
30 | CACM-1211 | -102.5830869377034 | 0.03773584905660377 | 0.5
30 | CACM-1267 | -102.58429885412065 | 0.037037037037037035 | 0.5
30 | CACM-1099 | -102.60129082655695 | 0.03636363636363636 | 0.5
30 | CACM-1014 | -102.6367673624634 | 0.03571428571428571 | 0.5
30 | CACM-3088 | -102.64977147045998 | 0.03508771929824561 | 0.5
30 | CACM-1097 | -102.67187141671235 | 0.034482758620689655 | 0.5
30 | CACM-2882 | -102.68583929438975 | 0.03389830508474576 | 0.5
30 | CACM-1614 | -102.74112819375125 | 0.03333333333333333 | 0.5
30 | CACM-3011 | -102.77464261562596 | 0.03278688524590164 | 0.5
30 | CACM-1735 | -102.7813414778483 | 0.03225806451612903 | 0.5
30 | CACM-2314 | -102.78643963993414 | 0.031746031746031744 | 0.5
30 | CACM-2165 | -102.8231041707827 | 0.03125 | 0.5
30 | CACM-3115 | -102.84576758316302 | 0.03076923076923077 | 0.5
30 | CACM-1929 | -102.85775607268867 | 0.030303030303030304 | 0.5
30 | CACM-1711 | -102.87464032923705 | 0.029850746268656716 | 0.5
30 | CACM-3065 | -102.96698200385988 | 0.029411764705882353 | 0.5
30 | CACM-1698 | -102.9989002879069 | 0.028985507246376812 | 0.5
30 | CACM-2582 | -103.01847502386263 | 0.02857142857142857 | 0.5
30 | CACM-2455 | -103.03405922812951 | 0.028169014084507043 | 0.5
30 | CACM-2356 | -103.06588006636164 | 0.027777777777777776 | 0.5
30 | CACM-2710 | -103.07638495670187 | 0.0273972602739726 | 0.5
30 | CACM-1854 | -103.10742648054757 | 0.02702702702702703 | 0.5
30 | CACM-1502 | -103.14256650493678 | 0.02666666666666667 | 0.5
30 | CACM-2537 | -103.15786239473726 | 0.02631578947368421 | 0.5
30 | CACM-0581 | -103.22998791844608 | 0.025974025974025976 | 0.5
30 | CACM-1131 | -103.22998791844608 | 0.02564102564102564 | 0.5
30 | CACM-1702 | -103.22998791844608 | 0.02531645569620253 | 0.5
30 | CACM-3162 | -103.27023132129739 | 0.025 | 0.5
30 | CACM-2971 | -103.27177796009683 | 0.024691358024691357 | 0.5
30 | CACM-2622 | -103.28664080690342 | 0.024390243902439025 | 0.5
30 | CACM-3173 | -103.29813727011316 | 0.024096385542168676 | 0.5
30 | CACM-1931 | -103.30638031923576 | 0.023809523809523808 | 0.5
30 | CACM-2739 | -103.3120536116704 | 0.023529411764705882 | 0.5
30 | CACM-1389 | -103.33460786376185 | 0.023255813953488372 | 0.5
30 | CACM-2764 | -103.35078426916243 | 0.022988505747126436 | 0.5
30 | CACM-3120 | -103.38913754934622 | 0.022727272727272728 | 0.5
30 | CACM-0718 | -103.41191759867542 | 0.02247191011235955 | 0.5
30 | CACM-1453 | -103.41287926681221 | 0.022222222222222223 | 0.5
30 | CACM-2479 | -103.42088543885708 | 0.02197802197802198 | 0.5
30 | CACM-1196 | -103.42200307173327 | 0.021739130434782608 | 0.5
30 | CACM-2990 | -103.42961917290096 | 0.021505376344086023 | 0.5
30 | CACM-1806 | -103.45189198777192 | 0.02127659574468085 | 0.5
30 | CACM-1625 | -103.477816519757 | 0.021052631578947368 | 0.5
30 | CACM-2583 | -103.48696900613369 | 0.020833333333333332 | 0.5
30 | CACM-0383 | -103.50026019012243 | 0.020618556701030927 | 0.5
30 | CACM-1413 | -103.54760525998927 | 0.02040816326530612 | 0.5
30 | CACM-1908 | -103.55833314926483 | 0.020202020202020204 | 0.5
30 | CACM-2835 | -103.57297364598728 | 0.02 | 0.5
