queryId | docId | score | precision | recall
19 | CACM-1601 | -60.14070984888711 | 1.0 | 0.09090909090909091
19 | CACM-0320 | -61.22745806912653 | 0.5 | 0.09090909090909091
19 | CACM-2570 | -61.72377483374059 | 0.3333333333333333 | 0.09090909090909091
19 | CACM-1468 | -62.09137565667642 | 0.25 | 0.09090909090909091
19 | CACM-1262 | -62.31995129715696 | 0.2 | 0.09090909090909091
19 | CACM-3075 | -62.34411695336857 | 0.3333333333333333 | 0.18181818181818182
19 | CACM-1471 | -62.63788195084511 | 0.2857142857142857 | 0.18181818181818182
19 | CACM-1145 | -62.872036787289815 | 0.25 | 0.18181818181818182
19 | CACM-3200 | -62.96866305894013 | 0.2222222222222222 | 0.18181818181818182
19 | CACM-1158 | -63.03617727606453 | 0.2 | 0.18181818181818182
19 | CACM-2289 | -63.063081418900836 | 0.18181818181818182 | 0.18181818181818182
19 | CACM-2819 | -63.20988454298602 | 0.16666666666666666 | 0.18181818181818182
19 | CACM-2895 | -63.32910810965052 | 0.15384615384615385 | 0.18181818181818182
19 | CACM-2865 | -63.42174583749548 | 0.14285714285714285 | 0.18181818181818182
19 | CACM-3204 | -63.548712315368064 | 0.13333333333333333 | 0.18181818181818182
19 | CACM-2838 | -63.58134905438479 | 0.125 | 0.18181818181818182
19 | CACM-0950 | -63.74178884888788 | 0.11764705882352941 | 0.18181818181818182
19 | CACM-2896 | -64.00408708039869 | 0.1111111111111111 | 0.18181818181818182
19 | CACM-2645 | -64.0229179412746 | 0.10526315789473684 | 0.18181818181818182
19 | CACM-1122 | -64.21496751334455 | 0.1 | 0.18181818181818182
19 | CACM-0847 | -64.58898629503597 | 0.09523809523809523 | 0.18181818181818182
19 | CACM-1237 | -64.59882742877319 | 0.09090909090909091 | 0.18181818181818182
19 | CACM-2227 | -64.62840617298889 | 0.08695652173913043 | 0.18181818181818182
19 | CACM-2080 | -64.62905487978404 | 0.08333333333333333 | 0.18181818181818182
19 | CACM-1111 | -64.6758416333324 | 0.08 | 0.18181818181818182
19 | CACM-1134 | -64.67640202799765 | 0.07692307692307693 | 0.18181818181818182
19 | CACM-2973 | -64.69064143366688 | 0.1111111111111111 | 0.2727272727272727
19 | CACM-1433 | -64.70867984970234 | 0.10714285714285714 | 0.2727272727272727
19 | CACM-0396 | -64.71958530269042 | 0.10344827586206896 | 0.2727272727272727
19 | CACM-1392 | -64.73659938221974 | 0.1 | 0.2727272727272727
19 | CACM-1959 | -64.74354794343644 | 0.0967741935483871 | 0.2727272727272727
19 | CACM-2851 | -64.83707018605776 | 0.09375 | 0.2727272727272727
19 | CACM-2266 | -64.84334847720157 | 0.12121212121212122 | 0.36363636363636365
19 | CACM-3124 | -64.91411314895953 | 0.11764705882352941 | 0.36363636363636365
19 | CACM-3121 | -64.96981905057575 | 0.11428571428571428 | 0.36363636363636365
19 | CACM-1886 | -64.99728361605531 | 0.1111111111111111 | 0.36363636363636365
19 | CACM-1109 | -65.02294134549668 | 0.10810810810810811 | 0.36363636363636365
19 | CACM-1603 | -65.03025719358735 | 0.10526315789473684 | 0.36363636363636365
19 | CACM-2433 | -65.0549250722733 | 0.10256410256410256 | 0.36363636363636365
19 | CACM-0850 | -65.05840458327648 | 0.1 | 0.36363636363636365
19 | CACM-3170 | -65.10944120434891 | 0.0975609756097561 | 0.36363636363636365
19 | CACM-1233 | -65.1944541601728 | 0.09523809523809523 | 0.36363636363636365
19 | CACM-2692 | -65.27056737733379 | 0.09302325581395349 | 0.36363636363636365
19 | CACM-3059 | -65.28887355689719 | 0.09090909090909091 | 0.36363636363636365
19 | CACM-2450 | -65.40420694568462 | 0.08888888888888889 | 0.36363636363636365
19 | CACM-1294 | -65.41692535039203 | 0.08695652173913043 | 0.36363636363636365
19 | CACM-0321 | -65.42400691074694 | 0.0851063829787234 | 0.36363636363636365
19 | CACM-1315 | -65.45812346488741 | 0.08333333333333333 | 0.36363636363636365
19 | CACM-2898 | -65.46205036176791 | 0.08163265306122448 | 0.36363636363636365
19 | CACM-1083 | -65.46963556181544 | 0.08 | 0.36363636363636365
19 | CACM-2700 | -65.47253187119692 | 0.0784313725490196 | 0.36363636363636365
19 | CACM-2226 | -65.4766321443756 | 0.07692307692307693 | 0.36363636363636365
19 | CACM-1752 | -65.47755806885807 | 0.07547169811320754 | 0.36363636363636365
19 | CACM-2903 | -65.5067334650663 | 0.07407407407407407 | 0.36363636363636365
19 | CACM-2111 | -65.55527981826809 | 0.07272727272727272 | 0.36363636363636365
19 | CACM-2740 | -65.55669557080243 | 0.07142857142857142 | 0.36363636363636365
19 | CACM-3194 | -65.61459306302797 | 0.07017543859649122 | 0.36363636363636365
19 | CACM-3198 | -65.62355963432206 | 0.06896551724137931 | 0.36363636363636365
19 | CACM-0828 | -65.62810257202652 | 0.06779661016949153 | 0.36363636363636365
19 | CACM-1404 | -65.64876458822502 | 0.06666666666666667 | 0.36363636363636365
19 | CACM-1114 | -65.65135150131464 | 0.06557377049180328 | 0.36363636363636365
19 | CACM-0071 | -65.68170771890986 | 0.06451612903225806 | 0.36363636363636365
19 | CACM-1957 | -65.716517152434 | 0.06349206349206349 | 0.36363636363636365
19 | CACM-0251 | -65.72579306179122 | 0.0625 | 0.36363636363636365
19 | CACM-1811 | -65.76959546581357 | 0.06153846153846154 | 0.36363636363636365
19 | CACM-3006 | -65.80636431875075 | 0.06060606060606061 | 0.36363636363636365
19 | CACM-2685 | -65.86769617566057 | 0.05970149253731343 | 0.36363636363636365
19 | CACM-2557 | -65.8789069292404 | 0.058823529411764705 | 0.36363636363636365
19 | CACM-1172 | -65.88567574251338 | 0.057971014492753624 | 0.36363636363636365
19 | CACM-1625 | -65.88752345739229 | 0.05714285714285714 | 0.36363636363636365
19 | CACM-1460 | -65.90263034011963 | 0.056338028169014086 | 0.36363636363636365
19 | CACM-3073 | -65.92745522916704 | 0.05555555555555555 | 0.36363636363636365
19 | CACM-1439 | -65.94226082362215 | 0.0547945205479452 | 0.36363636363636365
19 | CACM-2401 | -65.95854830718562 | 0.05405405405405406 | 0.36363636363636365
19 | CACM-2195 | -65.9771366363662 | 0.05333333333333334 | 0.36363636363636365
19 | CACM-3189 | -65.98959147343315 | 0.05263157894736842 | 0.36363636363636365
19 | CACM-1116 | -66.02782685047826 | 0.05194805194805195 | 0.36363636363636365
19 | CACM-2263 | -66.03506802619044 | 0.05128205128205128 | 0.36363636363636365
19 | CACM-0278 | -66.07035852131281 | 0.05063291139240506 | 0.36363636363636365
19 | CACM-1087 | -66.07389333736896 | 0.05 | 0.36363636363636365
19 | CACM-2877 | -66.09621382393176 | 0.04938271604938271 | 0.36363636363636365
19 | CACM-3203 | -66.10880048967445 | 0.04878048780487805 | 0.36363636363636365
19 | CACM-1113 | -66.1301781046606 | 0.04819277108433735 | 0.36363636363636365
19 | CACM-2373 | -66.14714186741399 | 0.047619047619047616 | 0.36363636363636365
19 | CACM-1307 | -66.16862063404908 | 0.047058823529411764 | 0.36363636363636365
19 | CACM-0971 | -66.17837871089148 | 0.046511627906976744 | 0.36363636363636365
19 | CACM-1248 | -66.18154882396472 | 0.04597701149425287 | 0.36363636363636365
19 | CACM-2950 | -66.18161343846451 | 0.045454545454545456 | 0.36363636363636365
19 | CACM-0825 | -66.20069928877876 | 0.0449438202247191 | 0.36363636363636365
19 | CACM-0941 | -66.25698666860214 | 0.044444444444444446 | 0.36363636363636365
19 | CACM-3192 | -66.25884219260308 | 0.04395604395604396 | 0.36363636363636365
19 | CACM-1334 | -66.28206280417652 | 0.043478260869565216 | 0.36363636363636365
19 | CACM-0730 | -66.28809346183945 | 0.043010752688172046 | 0.36363636363636365
19 | CACM-2264 | -66.31667765054344 | 0.0425531914893617 | 0.36363636363636365
19 | CACM-2094 | -66.32083669096482 | 0.042105263157894736 | 0.36363636363636365
19 | CACM-0272 | -66.3408372151002 | 0.041666666666666664 | 0.36363636363636365
19 | CACM-2368 | -66.3509045490977 | 0.041237113402061855 | 0.36363636363636365
19 | CACM-1265 | -66.35745611806269 | 0.04081632653061224 | 0.36363636363636365
19 | CACM-3201 | -66.35859006855793 | 0.04040404040404041 | 0.36363636363636365
19 | CACM-2030 | -66.36062290004251 | 0.04 | 0.36363636363636365
