queryId | docId | score | precision | recall
48 | CACM-1066 | -240.63469662665264 | 0.0 | 0.0
48 | CACM-2142 | -244.2309844073526 | 0.0 | 0.0
48 | CACM-0409 | -244.9231640058905 | 0.0 | 0.0
48 | CACM-2314 | -245.81532083074703 | 0.0 | 0.0
48 | CACM-1977 | -245.87661596675812 | 0.0 | 0.0
48 | CACM-2766 | -246.02434757694658 | 0.0 | 0.0
48 | CACM-2589 | -246.05457357338938 | 0.14285714285714285 | 0.08333333333333333
48 | CACM-2325 | -246.25173158646655 | 0.25 | 0.16666666666666666
48 | CACM-2835 | -246.70012669702606 | 0.2222222222222222 | 0.16666666666666666
48 | CACM-2094 | -246.93554152887134 | 0.2 | 0.16666666666666666
48 | CACM-2310 | -247.2573710820273 | 0.18181818181818182 | 0.16666666666666666
48 | CACM-2699 | -247.7213176916388 | 0.16666666666666666 | 0.16666666666666666
48 | CACM-1601 | -247.90355931226878 | 0.15384615384615385 | 0.16666666666666666
48 | CACM-2969 | -247.9081787472465 | 0.14285714285714285 | 0.16666666666666666
48 | CACM-2877 | -247.92939123534515 | 0.13333333333333333 | 0.16666666666666666
48 | CACM-2592 | -247.99950704462023 | 0.125 | 0.16666666666666666
48 | CACM-2611 | -248.1619613972129 | 0.11764705882352941 | 0.16666666666666666
48 | CACM-2522 | -248.36544339706074 | 0.1111111111111111 | 0.16666666666666666
48 | CACM-3200 | -248.5679562050054 | 0.10526315789473684 | 0.16666666666666666
48 | CACM-1183 | -248.59225732242462 | 0.1 | 0.16666666666666666
48 | CACM-1809 | -248.61278591682606 | 0.09523809523809523 | 0.16666666666666666
48 | CACM-3165 | -248.6293460829462 | 0.09090909090909091 | 0.16666666666666666
48 | CACM-1651 | -248.63345515975888 | 0.08695652173913043 | 0.16666666666666666
48 | CACM-1722 | -248.66679836696923 | 0.08333333333333333 | 0.16666666666666666
48 | CACM-2451 | -248.68981511899602 | 0.08 | 0.16666666666666666
48 | CACM-2642 | -248.82561935315078 | 0.07692307692307693 | 0.16666666666666666
48 | CACM-2675 | -248.9006517289902 | 0.07407407407407407 | 0.16666666666666666
48 | CACM-2433 | -248.91954865665534 | 0.07142857142857142 | 0.16666666666666666
48 | CACM-2646 | -249.05470030589916 | 0.06896551724137931 | 0.16666666666666666
48 | CACM-1654 | -249.0556124300226 | 0.06666666666666667 | 0.16666666666666666
48 | CACM-1009 | -249.32595099267064 | 0.06451612903225806 | 0.16666666666666666
48 | CACM-2923 | -249.36159933813892 | 0.0625 | 0.16666666666666666
48 | CACM-1433 | -249.42691621563148 | 0.06060606060606061 | 0.16666666666666666
48 | CACM-2986 | -249.43749600727799 | 0.058823529411764705 | 0.16666666666666666
48 | CACM-2695 | -249.566741458885 | 0.05714285714285714 | 0.16666666666666666
48 | CACM-2417 | -249.62232493775792 | 0.05555555555555555 | 0.16666666666666666
48 | CACM-2295 | -249.66301125312154 | 0.05405405405405406 | 0.16666666666666666
48 | CACM-1927 | -249.73581718358662 | 0.05263157894736842 | 0.16666666666666666
48 | CACM-2402 | -249.76591408886014 | 0.05128205128205128 | 0.16666666666666666
48 | CACM-2701 | -249.79397139128537 | 0.05 | 0.16666666666666666
48 | CACM-3130 | -249.79726746403077 | 0.04878048780487805 | 0.16666666666666666
48 | CACM-2665 | -249.90792797086354 | 0.047619047619047616 | 0.16666666666666666
48 | CACM-1875 | -249.9306161140777 | 0.046511627906976744 | 0.16666666666666666
48 | CACM-2934 | -250.1263591841061 | 0.045454545454545456 | 0.16666666666666666
48 | CACM-2837 | -250.14247492845192 | 0.044444444444444446 | 0.16666666666666666
48 | CACM-2630 | -250.2928492919337 | 0.043478260869565216 | 0.16666666666666666
48 | CACM-1147 | -250.59898124272146 | 0.0425531914893617 | 0.16666666666666666
48 | CACM-2936 | -250.60510686710697 | 0.041666666666666664 | 0.16666666666666666
48 | CACM-2953 | -250.60959008130138 | 0.04081632653061224 | 0.16666666666666666
48 | CACM-2517 | -250.699707293638 | 0.04 | 0.16666666666666666
48 | CACM-2502 | -250.70966364246098 | 0.0392156862745098 | 0.16666666666666666
48 | CACM-2861 | -250.71938777501526 | 0.038461538461538464 | 0.16666666666666666
48 | CACM-3037 | -250.72243667445156 | 0.03773584905660377 | 0.16666666666666666
48 | CACM-0940 | -250.74592968170893 | 0.037037037037037035 | 0.16666666666666666
48 | CACM-1677 | -250.7624366512425 | 0.03636363636363636 | 0.16666666666666666
48 | CACM-2285 | -250.82152095489602 | 0.05357142857142857 | 0.25
48 | CACM-2702 | -250.83218653913917 | 0.05263157894736842 | 0.25
48 | CACM-2932 | -250.90220154369595 | 0.05172413793103448 | 0.25
48 | CACM-0236 | -250.92387182060955 | 0.05084745762711865 | 0.25
48 | CACM-2941 | -250.94854203029303 | 0.05 | 0.25
48 | CACM-2968 | -250.967491341278 | 0.04918032786885246 | 0.25
48 | CACM-2406 | -250.9700728875008 | 0.04838709677419355 | 0.25
48 | CACM-2538 | -251.05252475291368 | 0.047619047619047616 | 0.25
48 | CACM-2431 | -251.15473742911414 | 0.046875 | 0.25
48 | CACM-3103 | -251.27192908903197 | 0.046153846153846156 | 0.25
48 | CACM-2883 | -251.3405654473132 | 0.045454545454545456 | 0.25
48 | CACM-2389 | -251.36099946097778 | 0.04477611940298507 | 0.25
48 | CACM-2110 | -251.37222411583224 | 0.04411764705882353 | 0.25
48 | CACM-2954 | -251.37837760462338 | 0.043478260869565216 | 0.25
48 | CACM-2927 | -251.42946342902567 | 0.04285714285714286 | 0.25
48 | CACM-1410 | -251.43124637429486 | 0.04225352112676056 | 0.25
48 | CACM-1719 | -251.46768492636085 | 0.041666666666666664 | 0.25
48 | CACM-2962 | -251.48463795947188 | 0.0410958904109589 | 0.25
48 | CACM-2767 | -251.49626147064416 | 0.04054054054054054 | 0.25
48 | CACM-2617 | -251.53447390120928 | 0.04 | 0.25
48 | CACM-2411 | -251.57611659114 | 0.039473684210526314 | 0.25
48 | CACM-2226 | -251.67588522504394 | 0.05194805194805195 | 0.3333333333333333
48 | CACM-1051 | -251.71870442164013 | 0.05128205128205128 | 0.3333333333333333
48 | CACM-0558 | -251.74121401916457 | 0.05063291139240506 | 0.3333333333333333
48 | CACM-2367 | -251.75341679163864 | 0.05 | 0.3333333333333333
48 | CACM-2395 | -251.89186599626663 | 0.04938271604938271 | 0.3333333333333333
48 | CACM-0647 | -251.90792937657554 | 0.04878048780487805 | 0.3333333333333333
48 | CACM-2556 | -251.92385487206346 | 0.04819277108433735 | 0.3333333333333333
48 | CACM-2834 | -252.0316544500915 | 0.047619047619047616 | 0.3333333333333333
48 | CACM-2978 | -252.0630440135814 | 0.047058823529411764 | 0.3333333333333333
48 | CACM-2607 | -252.11141667406466 | 0.046511627906976744 | 0.3333333333333333
48 | CACM-2850 | -252.2000805124848 | 0.04597701149425287 | 0.3333333333333333
48 | CACM-2553 | -252.2063513756373 | 0.045454545454545456 | 0.3333333333333333
48 | CACM-1385 | -252.20770014975076 | 0.0449438202247191 | 0.3333333333333333
48 | CACM-3010 | -252.22001057087735 | 0.044444444444444446 | 0.3333333333333333
48 | CACM-1196 | -252.28364150752216 | 0.04395604395604396 | 0.3333333333333333
48 | CACM-2988 | -252.29227090508874 | 0.043478260869565216 | 0.3333333333333333
48 | CACM-2956 | -252.31515179941528 | 0.043010752688172046 | 0.3333333333333333
48 | CACM-2324 | -252.3172349923667 | 0.0425531914893617 | 0.3333333333333333
48 | CACM-2155 | -252.34793113283897 | 0.042105263157894736 | 0.3333333333333333
48 | CACM-3018 | -252.374607294586 | 0.041666666666666664 | 0.3333333333333333
48 | CACM-1658 | -252.50425461188368 | 0.041237113402061855 | 0.3333333333333333
48 | CACM-2906 | -252.5063487114592 | 0.04081632653061224 | 0.3333333333333333
48 | CACM-2484 | -252.53440871248736 | 0.04040404040404041 | 0.3333333333333333
48 | CACM-2222 | -252.56808546074822 | 0.04 | 0.3333333333333333
