queryId | docId | score | precision | recall
17 | CACM-1223 | -97.66473271169001 | 1.0 | 0.0625
17 | CACM-1658 | -100.36311579503437 | 0.5 | 0.0625
17 | CACM-1134 | -100.44720894683951 | 0.6666666666666666 | 0.125
17 | CACM-2532 | -100.5988338833375 | 0.5 | 0.125
17 | CACM-1795 | -100.7869076549188 | 0.4 | 0.125
17 | CACM-1992 | -101.27067457345308 | 0.3333333333333333 | 0.125
17 | CACM-2107 | -101.50089945329181 | 0.2857142857142857 | 0.125
17 | CACM-1232 | -101.80623558940275 | 0.25 | 0.125
17 | CACM-3080 | -101.8810145189302 | 0.2222222222222222 | 0.125
17 | CACM-1131 | -101.99045478743878 | 0.2 | 0.125
17 | CACM-2929 | -102.08314853856905 | 0.18181818181818182 | 0.125
17 | CACM-1187 | -102.10490071891083 | 0.16666666666666666 | 0.125
17 | CACM-1947 | -102.16624882032919 | 0.23076923076923078 | 0.1875
17 | CACM-2495 | -102.25573030488617 | 0.2857142857142857 | 0.25
17 | CACM-0216 | -102.42655743541437 | 0.26666666666666666 | 0.25
17 | CACM-3054 | -102.44332507281199 | 0.25 | 0.25
17 | CACM-0400 | -102.45826569475193 | 0.23529411764705882 | 0.25
17 | CACM-2964 | -102.53220884335899 | 0.2222222222222222 | 0.25
17 | CACM-1154 | -102.58358698063918 | 0.21052631578947367 | 0.25
17 | CACM-3122 | -102.63094905614167 | 0.2 | 0.25
17 | CACM-2079 | -102.69759502600881 | 0.19047619047619047 | 0.25
17 | CACM-2904 | -102.7015552704436 | 0.18181818181818182 | 0.25
17 | CACM-1564 | -102.9498840604098 | 0.17391304347826086 | 0.25
17 | CACM-2491 | -102.98340872064935 | 0.16666666666666666 | 0.25
17 | CACM-0008 | -103.14372586625701 | 0.16 | 0.25
17 | CACM-0077 | -103.14372586625701 | 0.15384615384615385 | 0.25
17 | CACM-1065 | -103.20538654266674 | 0.14814814814814814 | 0.25
17 | CACM-2897 | -103.22303590992516 | 0.14285714285714285 | 0.25
17 | CACM-3130 | -103.2596687919669 | 0.13793103448275862 | 0.25
17 | CACM-2673 | -103.27833348026131 | 0.13333333333333333 | 0.25
17 | CACM-1275 | -103.304165729561 | 0.12903225806451613 | 0.25
17 | CACM-2968 | -103.36025241181724 | 0.125 | 0.25
17 | CACM-0210 | -103.39928284439985 | 0.12121212121212122 | 0.25
17 | CACM-0252 | -103.40099578452745 | 0.11764705882352941 | 0.25
17 | CACM-0364 | -103.42974777799522 | 0.11428571428571428 | 0.25
17 | CACM-1204 | -103.44193295545656 | 0.1111111111111111 | 0.25
17 | CACM-0124 | -103.56906783965611 | 0.10810810810810811 | 0.25
17 | CACM-0797 | -103.86679296802889 | 0.10526315789473684 | 0.25
17 | CACM-2616 | -103.86944224260118 | 0.10256410256410256 | 0.25
17 | CACM-2253 | -103.87732438863368 | 0.1 | 0.25
17 | CACM-1168 | -103.90624350454502 | 0.0975609756097561 | 0.25
17 | CACM-0537 | -103.9507935495857 | 0.09523809523809523 | 0.25
17 | CACM-1414 | -104.00109218965225 | 0.09302325581395349 | 0.25
17 | CACM-1086 | -104.00742031037859 | 0.09090909090909091 | 0.25
17 | CACM-1101 | -104.09915356170549 | 0.08888888888888889 | 0.25
17 | CACM-1973 | -104.13768546184802 | 0.08695652173913043 | 0.25
17 | CACM-2953 | -104.14706212989108 | 0.0851063829787234 | 0.25
17 | CACM-1017 | -104.15345869192046 | 0.08333333333333333 | 0.25
17 | CACM-0195 | -104.1824193758472 | 0.08163265306122448 | 0.25
17 | CACM-2944 | -104.21806009644065 | 0.08 | 0.25
17 | CACM-1402 | -104.26172476237754 | 0.0784313725490196 | 0.25
17 | CACM-0371 | -104.27259105119465 | 0.07692307692307693 | 0.25
17 | CACM-2983 | -104.36217732214315 | 0.07547169811320754 | 0.25
17 | CACM-1231 | -104.4147872353425 | 0.09259259259259259 | 0.3125
17 | CACM-0954 | -104.43024040462362 | 0.09090909090909091 | 0.3125
17 | CACM-0064 | -104.43505707566187 | 0.08928571428571429 | 0.3125
17 | CACM-1289 | -104.47964737674899 | 0.08771929824561403 | 0.3125
17 | CACM-0463 | -104.51661296206848 | 0.08620689655172414 | 0.3125
17 | CACM-0136 | -104.51940087026101 | 0.0847457627118644 | 0.3125
17 | CACM-0692 | -104.51940087026101 | 0.08333333333333333 | 0.3125
17 | CACM-0948 | -104.51940087026101 | 0.08196721311475409 | 0.3125
17 | CACM-3171 | -104.53073504952691 | 0.08064516129032258 | 0.3125
17 | CACM-0806 | -104.53487377910737 | 0.07936507936507936 | 0.3125
17 | CACM-1345 | -104.58920756737514 | 0.078125 | 0.3125
17 | CACM-3005 | -104.62203193878072 | 0.07692307692307693 | 0.3125
17 | CACM-2991 | -104.62390000743417 | 0.07575757575757576 | 0.3125
17 | CACM-0383 | -104.63628627273506 | 0.07462686567164178 | 0.3125
17 | CACM-1338 | -104.63628627273506 | 0.07352941176470588 | 0.3125
17 | CACM-1461 | -104.64018518251275 | 0.07246376811594203 | 0.3125
17 | CACM-1466 | -104.64018518251275 | 0.07142857142857142 | 0.3125
17 | CACM-3126 | -104.6542513929822 | 0.07042253521126761 | 0.3125
17 | CACM-2934 | -104.68174841144341 | 0.06944444444444445 | 0.3125
17 | CACM-1542 | -104.68498251462634 | 0.0684931506849315 | 0.3125
17 | CACM-0230 | -104.76037888792398 | 0.06756756756756757 | 0.3125
17 | CACM-1064 | -104.76037888792398 | 0.06666666666666667 | 0.3125
17 | CACM-1387 | -104.76749857088376 | 0.06578947368421052 | 0.3125
17 | CACM-0041 | -104.82243460717565 | 0.06493506493506493 | 0.3125
17 | CACM-1024 | -104.83222949886716 | 0.0641025641025641 | 0.3125
17 | CACM-2995 | -104.85490824103715 | 0.06329113924050633 | 0.3125
17 | CACM-0035 | -104.8557161278864 | 0.0625 | 0.3125
17 | CACM-0091 | -104.8557161278864 | 0.06172839506172839 | 0.3125
17 | CACM-0866 | -104.86946945743428 | 0.06097560975609756 | 0.3125
17 | CACM-2748 | -104.88541576232551 | 0.060240963855421686 | 0.3125
17 | CACM-0676 | -104.89964011591435 | 0.05952380952380952 | 0.3125
17 | CACM-2935 | -104.91214908540209 | 0.058823529411764705 | 0.3125
17 | CACM-2586 | -104.96251013385744 | 0.06976744186046512 | 0.375
17 | CACM-2975 | -104.973414622002 | 0.06896551724137931 | 0.375
17 | CACM-2979 | -104.9740543508705 | 0.06818181818181818 | 0.375
17 | CACM-0017 | -104.97900531997776 | 0.06741573033707865 | 0.375
17 | CACM-0897 | -105.06043868100112 | 0.06666666666666667 | 0.375
17 | CACM-3029 | -105.08499796506497 | 0.06593406593406594 | 0.375
17 | CACM-2559 | -105.1032379647857 | 0.06521739130434782 | 0.375
17 | CACM-0762 | -105.12911959345861 | 0.06451612903225806 | 0.375
17 | CACM-1392 | -105.13557882344251 | 0.06382978723404255 | 0.375
17 | CACM-2877 | -105.14203255501509 | 0.06315789473684211 | 0.375
17 | CACM-1148 | -105.1721227220344 | 0.0625 | 0.375
17 | CACM-1105 | -105.18540500906816 | 0.061855670103092786 | 0.375
17 | CACM-2533 | -105.23532710144228 | 0.061224489795918366 | 0.375
17 | CACM-0334 | -105.25903803213336 | 0.06060606060606061 | 0.375
17 | CACM-2611 | -105.29202209393283 | 0.06 | 0.375
