queryId | docId | score | precision | recall
31 | CACM-1686 | -412.71668407345754 | 0.0 | 0.0
31 | CACM-2606 | -415.0299285107635 | 0.0 | 0.0
31 | CACM-1144 | -416.1190626613572 | 0.0 | 0.0
31 | CACM-2051 | -417.0138881707046 | 0.0 | 0.0
31 | CACM-3013 | -417.4551521933983 | 0.0 | 0.0
31 | CACM-2788 | -417.52229792737666 | 0.0 | 0.0
31 | CACM-2142 | -418.75409692427314 | 0.0 | 0.0
31 | CACM-1388 | -419.59154547725683 | 0.0 | 0.0
31 | CACM-2283 | -419.71952134851415 | 0.0 | 0.0
31 | CACM-2786 | -419.83229157169103 | 0.0 | 0.0
31 | CACM-2174 | -420.88708329340443 | 0.0 | 0.0
31 | CACM-2065 | -420.9175841665241 | 0.0 | 0.0
31 | CACM-2663 | -421.09641375362423 | 0.0 | 0.0
31 | CACM-2657 | -421.14361774133386 | 0.0 | 0.0
31 | CACM-1440 | -421.20236784794366 | 0.0 | 0.0
31 | CACM-2614 | -421.20842268475917 | 0.0 | 0.0
31 | CACM-2754 | -421.2315092325959 | 0.0 | 0.0
31 | CACM-2733 | -421.4074890793962 | 0.0 | 0.0
31 | CACM-2600 | -421.50440076102177 | 0.0 | 0.0
31 | CACM-2893 | -421.76205854050437 | 0.0 | 0.0
31 | CACM-2188 | -421.8857200505733 | 0.0 | 0.0
31 | CACM-2628 | -422.086092374519 | 0.0 | 0.0
31 | CACM-1046 | -422.12011183422305 | 0.0 | 0.0
31 | CACM-1839 | -422.79181936635126 | 0.0 | 0.0
31 | CACM-2611 | -422.86148131347954 | 0.0 | 0.0
31 | CACM-1066 | -422.9146728866578 | 0.0 | 0.0
31 | CACM-2446 | -422.95877297936954 | 0.0 | 0.0
31 | CACM-2674 | -423.0688707067019 | 0.0 | 0.0
31 | CACM-2774 | -423.2752659050761 | 0.0 | 0.0
31 | CACM-2486 | -423.3121312304825 | 0.0 | 0.0
31 | CACM-1350 | -423.7568361017638 | 0.0 | 0.0
31 | CACM-2783 | -423.78238614000844 | 0.0 | 0.0
31 | CACM-0973 | -423.8255803239842 | 0.0 | 0.0
31 | CACM-0730 | -423.8897542557489 | 0.0 | 0.0
31 | CACM-2520 | -424.1072344744407 | 0.0 | 0.0
31 | CACM-2396 | -424.22358963457475 | 0.0 | 0.0
31 | CACM-2630 | -424.26961285806124 | 0.0 | 0.0
31 | CACM-2709 | -424.30650029961294 | 0.0 | 0.0
31 | CACM-2759 | -424.3710568796606 | 0.0 | 0.0
31 | CACM-2755 | -424.5735276045083 | 0.0 | 0.0
31 | CACM-2402 | -424.6553042194315 | 0.0 | 0.0
31 | CACM-2648 | -424.7856394231525 | 0.0 | 0.0
31 | CACM-1588 | -424.9115976007708 | 0.0 | 0.0
31 | CACM-2642 | -424.92869168318623 | 0.0 | 0.0
31 | CACM-1961 | -424.95172096804373 | 0.0 | 0.0
31 | CACM-2745 | -424.9983743652302 | 0.0 | 0.0
31 | CACM-2616 | -425.0208228668861 | 0.0 | 0.0
31 | CACM-2231 | -425.11411399366415 | 0.0 | 0.0
31 | CACM-3047 | -425.1304090285646 | 0.02040816326530612 | 0.5
31 | CACM-2635 | -425.13186918822015 | 0.02 | 0.5
31 | CACM-2646 | -425.4677720534793 | 0.0196078431372549 | 0.5
31 | CACM-2749 | -425.56957617640563 | 0.019230769230769232 | 0.5
31 | CACM-2972 | -425.58998400367534 | 0.018867924528301886 | 0.5
31 | CACM-2767 | -425.61143703059355 | 0.018518518518518517 | 0.5
31 | CACM-2617 | -425.7560173092702 | 0.01818181818181818 | 0.5
31 | CACM-1233 | -425.78150228524146 | 0.017857142857142856 | 0.5
31 | CACM-2615 | -425.824560064741 | 0.017543859649122806 | 0.5
31 | CACM-1891 | -425.8323020591042 | 0.017241379310344827 | 0.5
31 | CACM-0078 | -425.8924075527625 | 0.01694915254237288 | 0.5
31 | CACM-2840 | -425.8946677314504 | 0.016666666666666666 | 0.5
31 | CACM-1424 | -425.9381307136177 | 0.01639344262295082 | 0.5
31 | CACM-2612 | -425.94687306994757 | 0.016129032258064516 | 0.5
31 | CACM-0415 | -425.9912601451134 | 0.015873015873015872 | 0.5
31 | CACM-2572 | -426.02917764572305 | 0.015625 | 0.5
31 | CACM-2787 | -426.0442468862598 | 0.015384615384615385 | 0.5
31 | CACM-2751 | -426.05925241851196 | 0.015151515151515152 | 0.5
31 | CACM-0533 | -426.08682482423427 | 0.014925373134328358 | 0.5
31 | CACM-1272 | -426.0869429892812 | 0.014705882352941176 | 0.5
31 | CACM-3156 | -426.1152390164281 | 0.014492753623188406 | 0.5
31 | CACM-2771 | -426.19600185659715 | 0.014285714285714285 | 0.5
31 | CACM-2370 | -426.29390805325 | 0.014084507042253521 | 0.5
31 | CACM-2571 | -426.3812518392913 | 0.013888888888888888 | 0.5
31 | CACM-1386 | -426.3959689114086 | 0.0136986301369863 | 0.5
31 | CACM-1491 | -426.41688554810594 | 0.013513513513513514 | 0.5
31 | CACM-2721 | -426.4391970612827 | 0.013333333333333334 | 0.5
31 | CACM-2686 | -426.4617972099483 | 0.013157894736842105 | 0.5
31 | CACM-1654 | -426.53107187868284 | 0.012987012987012988 | 0.5
31 | CACM-2636 | -426.69243237381096 | 0.01282051282051282 | 0.5
31 | CACM-2315 | -426.7521289160141 | 0.012658227848101266 | 0.5
31 | CACM-1403 | -426.8926639171918 | 0.0125 | 0.5
31 | CACM-2660 | -426.89696781464227 | 0.012345679012345678 | 0.5
31 | CACM-2479 | -426.90438496444165 | 0.012195121951219513 | 0.5
31 | CACM-2784 | -426.9452075470155 | 0.012048192771084338 | 0.5
31 | CACM-2415 | -427.0575556341778 | 0.011904761904761904 | 0.5
31 | CACM-2737 | -427.08077384716864 | 0.011764705882352941 | 0.5
31 | CACM-3037 | -427.0859259920562 | 0.011627906976744186 | 0.5
31 | CACM-2274 | -427.09599885748975 | 0.011494252873563218 | 0.5
31 | CACM-2829 | -427.1281419553161 | 0.011363636363636364 | 0.5
31 | CACM-2664 | -427.1438851780209 | 0.011235955056179775 | 0.5
31 | CACM-1363 | -427.16382494801593 | 0.011111111111111112 | 0.5
31 | CACM-2248 | -427.1973869932242 | 0.01098901098901099 | 0.5
31 | CACM-1806 | -427.2057038476863 | 0.010869565217391304 | 0.5
31 | CACM-2762 | -427.27258420816975 | 0.010752688172043012 | 0.5
31 | CACM-1696 | -427.3688802098634 | 0.010638297872340425 | 0.5
31 | CACM-2841 | -427.4561183455713 | 0.010526315789473684 | 0.5
31 | CACM-1744 | -427.4675291369378 | 0.010416666666666666 | 0.5
31 | CACM-2769 | -427.48679215398903 | 0.010309278350515464 | 0.5
31 | CACM-2519 | -427.50700980723724 | 0.01020408163265306 | 0.5
31 | CACM-2643 | -427.51281730531946 | 0.010101010101010102 | 0.5
31 | CACM-2855 | -427.5946680978251 | 0.01 | 0.5
