queryId | docId | score | precision | recall
38 | CACM-2082 | -371.9416037187093 | 0.0 | 0.0
38 | CACM-3031 | -377.6015024733345 | 0.5 | 0.0625
38 | CACM-1698 | -379.04681015130217 | 0.3333333333333333 | 0.0625
38 | CACM-3105 | -379.33116025641704 | 0.25 | 0.0625
38 | CACM-3142 | -380.9364131060944 | 0.2 | 0.0625
38 | CACM-2637 | -381.45307834119825 | 0.16666666666666666 | 0.0625
38 | CACM-2705 | -382.36653385808313 | 0.14285714285714285 | 0.0625
38 | CACM-2867 | -382.53091415903236 | 0.125 | 0.0625
38 | CACM-2582 | -384.1437865357059 | 0.1111111111111111 | 0.0625
38 | CACM-2688 | -384.2604607227586 | 0.1 | 0.0625
38 | CACM-2470 | -384.5830939170733 | 0.09090909090909091 | 0.0625
38 | CACM-1470 | -384.80035827236 | 0.08333333333333333 | 0.0625
38 | CACM-2572 | -385.0411289974461 | 0.07692307692307693 | 0.0625
38 | CACM-2750 | -385.14598965293084 | 0.07142857142857142 | 0.0625
38 | CACM-2956 | -385.15694414220883 | 0.13333333333333333 | 0.125
38 | CACM-1625 | -385.1832550570471 | 0.125 | 0.125
38 | CACM-2631 | -385.27286303001557 | 0.11764705882352941 | 0.125
38 | CACM-3069 | -385.29713431411636 | 0.1111111111111111 | 0.125
38 | CACM-0492 | -385.40408120504895 | 0.10526315789473684 | 0.125
38 | CACM-2622 | -385.5647332379175 | 0.1 | 0.125
38 | CACM-2766 | -385.6794089098935 | 0.09523809523809523 | 0.125
38 | CACM-1806 | -385.7194797041504 | 0.09090909090909091 | 0.125
38 | CACM-2305 | -385.8400552135328 | 0.08695652173913043 | 0.125
38 | CACM-2958 | -385.90647943866685 | 0.125 | 0.1875
38 | CACM-1248 | -385.9599071910847 | 0.12 | 0.1875
38 | CACM-2931 | -385.9730234922405 | 0.11538461538461539 | 0.1875
38 | CACM-2718 | -386.2438841793741 | 0.1111111111111111 | 0.1875
38 | CACM-1323 | -386.32721320662444 | 0.10714285714285714 | 0.1875
38 | CACM-0670 | -386.33504835684977 | 0.10344827586206896 | 0.1875
38 | CACM-1861 | -386.3554617667247 | 0.1 | 0.1875
38 | CACM-1235 | -387.1197205481413 | 0.0967741935483871 | 0.1875
38 | CACM-1768 | -387.2093143156888 | 0.09375 | 0.1875
38 | CACM-2770 | -387.38430765828235 | 0.09090909090909091 | 0.1875
38 | CACM-2652 | -387.4493120433013 | 0.08823529411764706 | 0.1875
38 | CACM-2751 | -387.5083793332871 | 0.08571428571428572 | 0.1875
38 | CACM-2876 | -387.6059683219685 | 0.08333333333333333 | 0.1875
38 | CACM-2570 | -387.8887086792509 | 0.08108108108108109 | 0.1875
38 | CACM-2568 | -388.1628580204451 | 0.07894736842105263 | 0.1875
38 | CACM-2701 | -388.20908502652264 | 0.07692307692307693 | 0.1875
38 | CACM-2145 | -388.3570336236934 | 0.075 | 0.1875
38 | CACM-2424 | -388.36293409011574 | 0.07317073170731707 | 0.1875
38 | CACM-1162 | -388.4317236197774 | 0.07142857142857142 | 0.1875
38 | CACM-2835 | -388.43517028142765 | 0.06976744186046512 | 0.1875
38 | CACM-2247 | -388.4830993270133 | 0.06818181818181818 | 0.1875
38 | CACM-2989 | -388.52499145674625 | 0.06666666666666667 | 0.1875
38 | CACM-2767 | -388.62072158730695 | 0.06521739130434782 | 0.1875
38 | CACM-2700 | -388.6745464473207 | 0.06382978723404255 | 0.1875
38 | CACM-3177 | -388.7022735990532 | 0.0625 | 0.1875
38 | CACM-2594 | -388.92000896631896 | 0.061224489795918366 | 0.1875
38 | CACM-0825 | -388.94355700336115 | 0.06 | 0.1875
38 | CACM-0616 | -389.0355442835796 | 0.058823529411764705 | 0.1875
38 | CACM-0185 | -389.1014871910095 | 0.057692307692307696 | 0.1875
38 | CACM-0536 | -389.18260451916416 | 0.05660377358490566 | 0.1875
38 | CACM-0483 | -389.24848933703174 | 0.05555555555555555 | 0.1875
38 | CACM-1413 | -389.27626853348556 | 0.05454545454545454 | 0.1875
38 | CACM-2564 | -389.3701889619304 | 0.05357142857142857 | 0.1875
38 | CACM-1847 | -389.3944390867937 | 0.05263157894736842 | 0.1875
38 | CACM-1332 | -389.40933289293554 | 0.05172413793103448 | 0.1875
38 | CACM-2785 | -389.4267234506578 | 0.05084745762711865 | 0.1875
38 | CACM-2832 | -389.4757230167188 | 0.05 | 0.1875
38 | CACM-2851 | -389.50281549610054 | 0.04918032786885246 | 0.1875
38 | CACM-2762 | -389.57331893729685 | 0.04838709677419355 | 0.1875
38 | CACM-2850 | -389.61212757371146 | 0.047619047619047616 | 0.1875
38 | CACM-2970 | -389.6393749788736 | 0.046875 | 0.1875
38 | CACM-1236 | -389.6444637592334 | 0.046153846153846156 | 0.1875
38 | CACM-1549 | -389.6455519407818 | 0.045454545454545456 | 0.1875
38 | CACM-3033 | -389.6465010400915 | 0.04477611940298507 | 0.1875
38 | CACM-1572 | -389.6828885050116 | 0.04411764705882353 | 0.1875
38 | CACM-2787 | -389.728430937709 | 0.043478260869565216 | 0.1875
38 | CACM-1145 | -389.7468097211546 | 0.04285714285714286 | 0.1875
38 | CACM-1327 | -389.796873890553 | 0.04225352112676056 | 0.1875
38 | CACM-1890 | -389.8334366131402 | 0.041666666666666664 | 0.1875
38 | CACM-2802 | -389.8542072537502 | 0.0410958904109589 | 0.1875
38 | CACM-1469 | -389.86645171431223 | 0.04054054054054054 | 0.1875
38 | CACM-2760 | -389.90361624836737 | 0.04 | 0.1875
38 | CACM-2790 | -389.9313897923428 | 0.039473684210526314 | 0.1875
38 | CACM-3014 | -390.0545141687818 | 0.03896103896103896 | 0.1875
38 | CACM-2761 | -390.1273361585505 | 0.038461538461538464 | 0.1875
38 | CACM-2657 | -390.1434080338852 | 0.0379746835443038 | 0.1875
38 | CACM-2871 | -390.17561383348965 | 0.0375 | 0.1875
38 | CACM-1474 | -390.1893972523129 | 0.037037037037037035 | 0.1875
38 | CACM-2499 | -390.21066079991726 | 0.036585365853658534 | 0.1875
38 | CACM-2369 | -390.29558088556405 | 0.03614457831325301 | 0.1875
38 | CACM-2645 | -390.31577584866733 | 0.03571428571428571 | 0.1875
38 | CACM-2252 | -390.33266593417653 | 0.03529411764705882 | 0.1875
38 | CACM-1014 | -390.365647772993 | 0.03488372093023256 | 0.1875
38 | CACM-2344 | -390.37120325186356 | 0.034482758620689655 | 0.1875
38 | CACM-3103 | -390.4096077978535 | 0.045454545454545456 | 0.25
38 | CACM-1348 | -390.42259563197746 | 0.0449438202247191 | 0.25
38 | CACM-2609 | -390.50059281438917 | 0.044444444444444446 | 0.25
38 | CACM-2940 | -390.52166617280034 | 0.054945054945054944 | 0.3125
38 | CACM-3002 | -390.56449153441724 | 0.05434782608695652 | 0.3125
38 | CACM-2993 | -390.5672206114925 | 0.053763440860215055 | 0.3125
38 | CACM-2233 | -390.5838435076865 | 0.05319148936170213 | 0.3125
38 | CACM-1003 | -390.58613541319534 | 0.05263157894736842 | 0.3125
38 | CACM-0677 | -390.5890449505073 | 0.052083333333333336 | 0.3125
38 | CACM-2184 | -390.6834867973527 | 0.05154639175257732 | 0.3125
38 | CACM-2496 | -390.79197683633635 | 0.05102040816326531 | 0.3125
38 | CACM-2561 | -390.8120651815665 | 0.050505050505050504 | 0.3125
38 | CACM-1398 | -390.8317679089342 | 0.05 | 0.3125
