queryId | docId | score | precision | recall
14 | CACM-3112 | -86.917186312132 | 0.0 | 0.0
14 | CACM-3131 | -87.14183254299111 | 0.0 | 0.0
14 | CACM-3087 | -87.47702041664088 | 0.0 | 0.0
14 | CACM-2819 | -88.19225202571837 | 0.0 | 0.0
14 | CACM-2181 | -88.54859006750691 | 0.0 | 0.0
14 | CACM-2679 | -88.7149098258628 | 0.16666666666666666 | 0.022727272727272728
14 | CACM-2289 | -88.74678047562045 | 0.14285714285714285 | 0.022727272727272728
14 | CACM-2674 | -89.11000997475347 | 0.125 | 0.022727272727272728
14 | CACM-3164 | -89.52777035804893 | 0.1111111111111111 | 0.022727272727272728
14 | CACM-3067 | -89.57167332087131 | 0.1 | 0.022727272727272728
14 | CACM-2716 | -89.85367535088471 | 0.18181818181818182 | 0.045454545454545456
14 | CACM-2890 | -90.03584099671042 | 0.16666666666666666 | 0.045454545454545456
14 | CACM-3037 | -90.04686714774768 | 0.15384615384615385 | 0.045454545454545456
14 | CACM-3058 | -90.19125160394043 | 0.14285714285714285 | 0.045454545454545456
14 | CACM-3057 | -90.53168290852234 | 0.13333333333333333 | 0.045454545454545456
14 | CACM-1752 | -90.63889468725527 | 0.125 | 0.045454545454545456
14 | CACM-2812 | -90.78919166341875 | 0.11764705882352941 | 0.045454545454545456
14 | CACM-1886 | -91.00910262385783 | 0.1111111111111111 | 0.045454545454545456
14 | CACM-2931 | -91.02497028115181 | 0.10526315789473684 | 0.045454545454545456
14 | CACM-3132 | -91.11056847086495 | 0.1 | 0.045454545454545456
14 | CACM-2750 | -91.29042184334811 | 0.09523809523809523 | 0.045454545454545456
14 | CACM-2964 | -91.65012559133592 | 0.09090909090909091 | 0.045454545454545456
14 | CACM-3032 | -91.72512436791963 | 0.08695652173913043 | 0.045454545454545456
14 | CACM-2174 | -91.84285816576127 | 0.08333333333333333 | 0.045454545454545456
14 | CACM-1412 | -91.84714743930883 | 0.08 | 0.045454545454545456
14 | CACM-2924 | -92.06779047494595 | 0.07692307692307693 | 0.045454545454545456
14 | CACM-3085 | -92.16428975871801 | 0.07407407407407407 | 0.045454545454545456
14 | CACM-2017 | -92.16576309293465 | 0.10714285714285714 | 0.06818181818181818
14 | CACM-2142 | -92.3090232508237 | 0.10344827586206896 | 0.06818181818181818
14 | CACM-2959 | -92.32446786058912 | 0.1 | 0.06818181818181818
14 | CACM-1961 | -92.35905607970209 | 0.0967741935483871 | 0.06818181818181818
14 | CACM-3075 | -92.42815751906272 | 0.125 | 0.09090909090909091
14 | CACM-2691 | -92.46498675481475 | 0.12121212121212122 | 0.09090909090909091
14 | CACM-1197 | -92.59116520648281 | 0.11764705882352941 | 0.09090909090909091
14 | CACM-1873 | -92.60463263442415 | 0.11428571428571428 | 0.09090909090909091
14 | CACM-3011 | -92.63053560088252 | 0.1111111111111111 | 0.09090909090909091
14 | CACM-2816 | -92.64109162371454 | 0.10810810810810811 | 0.09090909090909091
14 | CACM-2650 | -92.66223837880379 | 0.10526315789473684 | 0.09090909090909091
14 | CACM-2337 | -92.75871589491653 | 0.1282051282051282 | 0.11363636363636363
14 | CACM-1098 | -92.82177739346001 | 0.125 | 0.11363636363636363
14 | CACM-3038 | -92.90827112313649 | 0.12195121951219512 | 0.11363636363636363
14 | CACM-2997 | -92.98062971477145 | 0.11904761904761904 | 0.11363636363636363
14 | CACM-3151 | -92.99455234834453 | 0.11627906976744186 | 0.11363636363636363
14 | CACM-3166 | -93.06663425850896 | 0.11363636363636363 | 0.11363636363636363
14 | CACM-2146 | -93.09051101711178 | 0.13333333333333333 | 0.13636363636363635
14 | CACM-2522 | -93.09860865327511 | 0.13043478260869565 | 0.13636363636363635
14 | CACM-1423 | -93.10536543873935 | 0.1276595744680851 | 0.13636363636363635
14 | CACM-2314 | -93.11447006567737 | 0.125 | 0.13636363636363635
14 | CACM-3156 | -93.14353171492397 | 0.12244897959183673 | 0.13636363636363635
14 | CACM-0717 | -93.15740867140715 | 0.12 | 0.13636363636363635
14 | CACM-2856 | -93.16989244698249 | 0.11764705882352941 | 0.13636363636363635
14 | CACM-2450 | -93.24857000730921 | 0.11538461538461539 | 0.13636363636363635
14 | CACM-3033 | -93.2617015863489 | 0.11320754716981132 | 0.13636363636363635
14 | CACM-2833 | -93.27512011152398 | 0.1111111111111111 | 0.13636363636363635
14 | CACM-2481 | -93.29562140510238 | 0.10909090909090909 | 0.13636363636363635
14 | CACM-0630 | -93.3140060170785 | 0.10714285714285714 | 0.13636363636363635
14 | CACM-2406 | -93.33614705152229 | 0.10526315789473684 | 0.13636363636363635
14 | CACM-2308 | -93.35396476110223 | 0.10344827586206896 | 0.13636363636363635
14 | CACM-2081 | -93.37777299591531 | 0.1016949152542373 | 0.13636363636363635
14 | CACM-2863 | -93.38092026236691 | 0.1 | 0.13636363636363635
14 | CACM-1594 | -93.38770334335713 | 0.09836065573770492 | 0.13636363636363635
14 | CACM-2902 | -93.41732204430616 | 0.0967741935483871 | 0.13636363636363635
14 | CACM-3017 | -93.4247689278073 | 0.09523809523809523 | 0.13636363636363635
14 | CACM-2963 | -93.44027277905627 | 0.09375 | 0.13636363636363635
14 | CACM-1462 | -93.54301093705703 | 0.09230769230769231 | 0.13636363636363635
14 | CACM-0655 | -93.65176911830935 | 0.09090909090909091 | 0.13636363636363635
14 | CACM-3049 | -93.66294489104357 | 0.08955223880597014 | 0.13636363636363635
14 | CACM-1724 | -93.66574998593593 | 0.10294117647058823 | 0.1590909090909091
14 | CACM-3177 | -93.66738844391683 | 0.10144927536231885 | 0.1590909090909091
14 | CACM-1878 | -93.67405416299584 | 0.1 | 0.1590909090909091
14 | CACM-2050 | -93.67537450835235 | 0.09859154929577464 | 0.1590909090909091
14 | CACM-2263 | -93.68223119293457 | 0.09722222222222222 | 0.1590909090909091
14 | CACM-2900 | -93.77437756711025 | 0.0958904109589041 | 0.1590909090909091
14 | CACM-3006 | -93.79315757321653 | 0.0945945945945946 | 0.1590909090909091
14 | CACM-1892 | -93.81522406632739 | 0.09333333333333334 | 0.1590909090909091
14 | CACM-2324 | -93.83474103609333 | 0.09210526315789473 | 0.1590909090909091
14 | CACM-2051 | -93.86908470288284 | 0.09090909090909091 | 0.1590909090909091
14 | CACM-2834 | -93.90903800123601 | 0.08974358974358974 | 0.1590909090909091
14 | CACM-2272 | -93.91349893408797 | 0.10126582278481013 | 0.18181818181818182
14 | CACM-3157 | -93.91843598931654 | 0.1 | 0.18181818181818182
14 | CACM-2106 | -93.97601279502284 | 0.09876543209876543 | 0.18181818181818182
14 | CACM-2188 | -93.98460153766378 | 0.0975609756097561 | 0.18181818181818182
14 | CACM-1135 | -93.9961956278164 | 0.0963855421686747 | 0.18181818181818182
14 | CACM-3163 | -94.03112007488365 | 0.09523809523809523 | 0.18181818181818182
14 | CACM-3171 | -94.03814218847124 | 0.09411764705882353 | 0.18181818181818182
14 | CACM-2715 | -94.07515434344647 | 0.09302325581395349 | 0.18181818181818182
14 | CACM-2065 | -94.08983060860069 | 0.09195402298850575 | 0.18181818181818182
14 | CACM-1905 | -94.11433623902752 | 0.09090909090909091 | 0.18181818181818182
14 | CACM-2860 | -94.16931825679526 | 0.0898876404494382 | 0.18181818181818182
14 | CACM-2742 | -94.19657958513551 | 0.08888888888888889 | 0.18181818181818182
14 | CACM-2627 | -94.21334121792817 | 0.08791208791208792 | 0.18181818181818182
14 | CACM-1483 | -94.26623544949878 | 0.08695652173913043 | 0.18181818181818182
14 | CACM-3103 | -94.35741874149274 | 0.08602150537634409 | 0.18181818181818182
14 | CACM-2266 | -94.4442074964569 | 0.0851063829787234 | 0.18181818181818182
14 | CACM-2484 | -94.44653454870158 | 0.08421052631578947 | 0.18181818181818182
14 | CACM-0860 | -94.45894426025164 | 0.08333333333333333 | 0.18181818181818182
14 | CACM-1506 | -94.4721270350982 | 0.08247422680412371 | 0.18181818181818182
14 | CACM-0867 | -94.49416740089028 | 0.08163265306122448 | 0.18181818181818182
14 | CACM-2944 | -94.49712187476074 | 0.08080808080808081 | 0.18181818181818182
14 | CACM-3134 | -94.49820386113458 | 0.08 | 0.18181818181818182
