queryId | docId | score | precision | recall
10 | CACM-2785 | 19.014339447021484 | 1.0 | 0.02857142857142857
10 | CACM-2700 | 14.952774047851562 | 1.0 | 0.05714285714285714
10 | CACM-3073 | 14.281486511230469 | 0.6666666666666666 | 0.05714285714285714
10 | CACM-2266 | 13.940032958984375 | 0.5 | 0.05714285714285714
10 | CACM-1795 | 13.770974159240723 | 0.6 | 0.08571428571428572
10 | CACM-2895 | 13.414735794067383 | 0.6666666666666666 | 0.11428571428571428
10 | CACM-3075 | 13.288142204284668 | 0.7142857142857143 | 0.14285714285714285
10 | CACM-3059 | 12.513439178466797 | 0.625 | 0.14285714285714285
10 | CACM-1262 | 12.390872955322266 | 0.6666666666666666 | 0.17142857142857143
10 | CACM-2685 | 12.307698249816895 | 0.7 | 0.2
10 | CACM-2851 | 12.25421142578125 | 0.7272727272727273 | 0.22857142857142856
10 | CACM-1747 | 12.17093563079834 | 0.75 | 0.2571428571428571
10 | CACM-2714 | 12.16775894165039 | 0.7692307692307693 | 0.2857142857142857
10 | CACM-1828 | 12.104633331298828 | 0.7142857142857143 | 0.2857142857142857
10 | CACM-2514 | 12.023782730102539 | 0.6666666666666666 | 0.2857142857142857
10 | CACM-2973 | 11.966416358947754 | 0.625 | 0.2857142857142857
10 | CACM-2896 | 11.75546646118164 | 0.6470588235294118 | 0.3142857142857143
10 | CACM-1601 | 11.699240684509277 | 0.6666666666666666 | 0.34285714285714286
10 | CACM-1158 | 11.542718887329102 | 0.6842105263157895 | 0.37142857142857144
10 | CACM-1536 | 11.498970031738281 | 0.65 | 0.37142857142857144
10 | CACM-1811 | 11.148110389709473 | 0.6666666666666666 | 0.4
10 | CACM-0950 | 11.09189224243164 | 0.6363636363636364 | 0.4
10 | CACM-2316 | 10.881635665893555 | 0.6086956521739131 | 0.4
10 | CACM-3156 | 10.641377449035645 | 0.625 | 0.42857142857142855
10 | CACM-2603 | 10.529834747314453 | 0.6 | 0.42857142857142855
10 | CACM-0141 | 10.509145736694336 | 0.5769230769230769 | 0.42857142857142855
10 | CACM-0392 | 10.509145736694336 | 0.5555555555555556 | 0.42857142857142855
10 | CACM-2342 | 10.455357551574707 | 0.5714285714285714 | 0.45714285714285713
10 | CACM-1302 | 10.302519798278809 | 0.5517241379310345 | 0.45714285714285713
10 | CACM-1468 | 10.094695091247559 | 0.5333333333333333 | 0.45714285714285713
10 | CACM-2401 | 10.094695091247559 | 0.5161290322580645 | 0.45714285714285713
10 | CACM-2865 | 10.094695091247559 | 0.5 | 0.45714285714285713
10 | CACM-2557 | 10.048577308654785 | 0.48484848484848486 | 0.45714285714285713
10 | CACM-1367 | 9.9127197265625 | 0.47058823529411764 | 0.45714285714285713
10 | CACM-2175 | 9.841889381408691 | 0.45714285714285713 | 0.45714285714285713
10 | CACM-2195 | 9.841889381408691 | 0.4444444444444444 | 0.45714285714285713
10 | CACM-1366 | 9.77834701538086 | 0.43243243243243246 | 0.45714285714285713
10 | CACM-0249 | 9.725462913513184 | 0.42105263157894735 | 0.45714285714285713
10 | CACM-1098 | 9.61701488494873 | 0.41025641025641024 | 0.45714285714285713
10 | CACM-1703 | 9.603270530700684 | 0.4 | 0.45714285714285713
10 | CACM-2182 | 9.55134105682373 | 0.3902439024390244 | 0.45714285714285713
10 | CACM-2705 | 9.452048301696777 | 0.38095238095238093 | 0.45714285714285713
10 | CACM-1846 | 9.372453689575195 | 0.37209302325581395 | 0.45714285714285713
10 | CACM-2952 | 9.215383529663086 | 0.36363636363636365 | 0.45714285714285713
10 | CACM-2080 | 9.169373512268066 | 0.35555555555555557 | 0.45714285714285713
10 | CACM-1459 | 9.113736152648926 | 0.34782608695652173 | 0.45714285714285713
10 | CACM-1569 | 8.753540992736816 | 0.3404255319148936 | 0.45714285714285713
10 | CACM-2295 | 8.718924522399902 | 0.3333333333333333 | 0.45714285714285713
10 | CACM-1678 | 8.716690063476562 | 0.32653061224489793 | 0.45714285714285713
10 | CACM-2570 | 8.712017059326172 | 0.32 | 0.45714285714285713
10 | CACM-2317 | 8.677105903625488 | 0.3137254901960784 | 0.45714285714285713
10 | CACM-1852 | 8.5919189453125 | 0.3076923076923077 | 0.45714285714285713
10 | CACM-1216 | 8.574854850769043 | 0.3018867924528302 | 0.45714285714285713
10 | CACM-2645 | 8.529149055480957 | 0.2962962962962963 | 0.45714285714285713
10 | CACM-3148 | 8.47066879272461 | 0.2909090909090909 | 0.45714285714285713
10 | CACM-1306 | 8.39868450164795 | 0.2857142857142857 | 0.45714285714285713
10 | CACM-2406 | 8.373613357543945 | 0.2807017543859649 | 0.45714285714285713
10 | CACM-3150 | 8.373613357543945 | 0.27586206896551724 | 0.45714285714285713
10 | CACM-2326 | 8.345766067504883 | 0.2711864406779661 | 0.45714285714285713
10 | CACM-1466 | 8.274567604064941 | 0.26666666666666666 | 0.45714285714285713
10 | CACM-2842 | 8.237619400024414 | 0.26229508196721313 | 0.45714285714285713
10 | CACM-2470 | 8.193854331970215 | 0.25806451612903225 | 0.45714285714285713
10 | CACM-2433 | 8.168753623962402 | 0.2698412698412698 | 0.4857142857142857
10 | CACM-1485 | 8.126619338989258 | 0.265625 | 0.4857142857142857
10 | CACM-2305 | 8.126619338989258 | 0.26153846153846155 | 0.4857142857142857
10 | CACM-1102 | 8.106932640075684 | 0.25757575757575757 | 0.4857142857142857
10 | CACM-1138 | 8.106932640075684 | 0.2537313432835821 | 0.4857142857142857
10 | CACM-2289 | 8.069334983825684 | 0.2647058823529412 | 0.5142857142857142
10 | CACM-1496 | 8.060340881347656 | 0.2608695652173913 | 0.5142857142857142
10 | CACM-0463 | 8.025636672973633 | 0.2571428571428571 | 0.5142857142857142
10 | CACM-0651 | 8.025636672973633 | 0.2535211267605634 | 0.5142857142857142
10 | CACM-1142 | 8.025636672973633 | 0.25 | 0.5142857142857142
10 | CACM-3077 | 8.000324249267578 | 0.2465753424657534 | 0.5142857142857142
10 | CACM-1467 | 7.979972839355469 | 0.24324324324324326 | 0.5142857142857142
10 | CACM-1923 | 7.979972839355469 | 0.24 | 0.5142857142857142
10 | CACM-0628 | 7.9459547996521 | 0.23684210526315788 | 0.5142857142857142
10 | CACM-0762 | 7.9459547996521 | 0.23376623376623376 | 0.5142857142857142
10 | CACM-2814 | 7.9459547996521 | 0.23076923076923078 | 0.5142857142857142
10 | CACM-2838 | 7.921761512756348 | 0.22784810126582278 | 0.5142857142857142
10 | CACM-1008 | 7.837085723876953 | 0.225 | 0.5142857142857142
10 | CACM-3044 | 7.837085723876953 | 0.2222222222222222 | 0.5142857142857142
10 | CACM-0920 | 7.716128349304199 | 0.21951219512195122 | 0.5142857142857142
10 | CACM-2710 | 7.709128379821777 | 0.21686746987951808 | 0.5142857142857142
10 | CACM-3105 | 7.709128379821777 | 0.21428571428571427 | 0.5142857142857142
10 | CACM-2740 | 7.689267158508301 | 0.21176470588235294 | 0.5142857142857142
10 | CACM-1200 | 7.609463691711426 | 0.20930232558139536 | 0.5142857142857142
10 | CACM-1380 | 7.609463691711426 | 0.21839080459770116 | 0.5428571428571428
10 | CACM-2782 | 7.570157051086426 | 0.2159090909090909 | 0.5428571428571428
10 | CACM-2265 | 7.536696910858154 | 0.21348314606741572 | 0.5428571428571428
10 | CACM-1835 | 7.529515743255615 | 0.2111111111111111 | 0.5428571428571428
10 | CACM-2254 | 7.51606559753418 | 0.2087912087912088 | 0.5428571428571428
10 | CACM-2727 | 7.394690990447998 | 0.20652173913043478 | 0.5428571428571428
10 | CACM-1988 | 7.390456199645996 | 0.20430107526881722 | 0.5428571428571428
10 | CACM-1309 | 7.362298011779785 | 0.20212765957446807 | 0.5428571428571428
10 | CACM-2941 | 7.256439685821533 | 0.2 | 0.5428571428571428
10 | CACM-1471 | 7.191708564758301 | 0.20833333333333334 | 0.5714285714285714
10 | CACM-2661 | 7.163600444793701 | 0.20618556701030927 | 0.5714285714285714
10 | CACM-1457 | 7.127196788787842 | 0.20408163265306123 | 0.5714285714285714
10 | CACM-2956 | 7.002477645874023 | 0.20202020202020202 | 0.5714285714285714
10 | CACM-1554 | 6.99957275390625 | 0.2 | 0.5714285714285714
