queryId | docId | score | precision | recall
64 | CACM-2651 | 18.52627944946289 | 1.0 | 1.0
64 | CACM-1878 | 12.298733711242676 | 0.5 | 1.0
64 | CACM-0595 | 12.052306175231934 | 0.3333333333333333 | 1.0
64 | CACM-0497 | 11.822866439819336 | 0.25 | 1.0
64 | CACM-1853 | 11.232942581176758 | 0.2 | 1.0
64 | CACM-0717 | 10.874007225036621 | 0.16666666666666666 | 1.0
64 | CACM-1588 | 10.840597152709961 | 0.14285714285714285 | 1.0
64 | CACM-1051 | 10.536561965942383 | 0.125 | 1.0
64 | CACM-2513 | 10.320274353027344 | 0.1111111111111111 | 1.0
64 | CACM-2051 | 9.975579261779785 | 0.1 | 1.0
64 | CACM-2756 | 9.902423858642578 | 0.09090909090909091 | 1.0
64 | CACM-2766 | 9.249746322631836 | 0.08333333333333333 | 1.0
64 | CACM-3102 | 9.174118041992188 | 0.07692307692307693 | 1.0
64 | CACM-1098 | 9.077624320983887 | 0.07142857142857142 | 1.0
64 | CACM-1957 | 9.063678741455078 | 0.06666666666666667 | 1.0
64 | CACM-0598 | 8.948022842407227 | 0.0625 | 1.0
64 | CACM-3177 | 8.851850509643555 | 0.058823529411764705 | 1.0
64 | CACM-2845 | 8.63898754119873 | 0.05555555555555555 | 1.0
64 | CACM-3074 | 8.635992050170898 | 0.05263157894736842 | 1.0
64 | CACM-1264 | 8.483999252319336 | 0.05 | 1.0
64 | CACM-0527 | 8.394386291503906 | 0.047619047619047616 | 1.0
64 | CACM-1594 | 8.381372451782227 | 0.045454545454545456 | 1.0
64 | CACM-2723 | 8.309083938598633 | 0.043478260869565216 | 1.0
64 | CACM-2354 | 8.09424114227295 | 0.041666666666666664 | 1.0
64 | CACM-2484 | 8.013745307922363 | 0.04 | 1.0
64 | CACM-2177 | 7.921204566955566 | 0.038461538461538464 | 1.0
64 | CACM-1462 | 7.873882293701172 | 0.037037037037037035 | 1.0
64 | CACM-2156 | 7.797733783721924 | 0.03571428571428571 | 1.0
64 | CACM-2772 | 7.78981876373291 | 0.034482758620689655 | 1.0
64 | CACM-1307 | 7.779820919036865 | 0.03333333333333333 | 1.0
64 | CACM-1424 | 7.6568145751953125 | 0.03225806451612903 | 1.0
64 | CACM-0367 | 7.587557792663574 | 0.03125 | 1.0
64 | CACM-2855 | 7.577032566070557 | 0.030303030303030304 | 1.0
64 | CACM-1614 | 7.517447471618652 | 0.029411764705882353 | 1.0
64 | CACM-3057 | 7.484225749969482 | 0.02857142857142857 | 1.0
64 | CACM-2232 | 7.457489967346191 | 0.027777777777777776 | 1.0
64 | CACM-2305 | 7.433662414550781 | 0.02702702702702703 | 1.0
64 | CACM-1890 | 7.410184383392334 | 0.02631578947368421 | 1.0
64 | CACM-2317 | 7.380285739898682 | 0.02564102564102564 | 1.0
64 | CACM-2060 | 7.368234634399414 | 0.025 | 1.0
64 | CACM-0397 | 7.24080228805542 | 0.024390243902439025 | 1.0
64 | CACM-0944 | 7.229511737823486 | 0.023809523809523808 | 1.0
64 | CACM-2622 | 7.157061576843262 | 0.023255813953488372 | 1.0
64 | CACM-2971 | 7.142387390136719 | 0.022727272727272728 | 1.0
64 | CACM-1931 | 7.086475372314453 | 0.022222222222222223 | 1.0
64 | CACM-3106 | 7.067627429962158 | 0.021739130434782608 | 1.0
64 | CACM-2666 | 7.062819480895996 | 0.02127659574468085 | 1.0
64 | CACM-0596 | 7.024869918823242 | 0.020833333333333332 | 1.0
64 | CACM-2989 | 7.000723361968994 | 0.02040816326530612 | 1.0
64 | CACM-1288 | 6.932254791259766 | 0.02 | 1.0
64 | CACM-1717 | 6.897722244262695 | 0.0196078431372549 | 1.0
64 | CACM-2993 | 6.8746418952941895 | 0.019230769230769232 | 1.0
64 | CACM-0731 | 6.860713958740234 | 0.018867924528301886 | 1.0
64 | CACM-3054 | 6.857314109802246 | 0.018518518518518517 | 1.0
64 | CACM-3188 | 6.815190315246582 | 0.01818181818181818 | 1.0
64 | CACM-2194 | 6.807253837585449 | 0.017857142857142856 | 1.0
64 | CACM-0204 | 6.7247633934021 | 0.017543859649122806 | 1.0
64 | CACM-1485 | 6.680425643920898 | 0.017241379310344827 | 1.0
64 | CACM-1258 | 6.650883674621582 | 0.01694915254237288 | 1.0
64 | CACM-1072 | 6.641813278198242 | 0.016666666666666666 | 1.0
64 | CACM-1350 | 6.62089729309082 | 0.01639344262295082 | 1.0
64 | CACM-1830 | 6.569193363189697 | 0.016129032258064516 | 1.0
64 | CACM-2309 | 6.555380344390869 | 0.015873015873015872 | 1.0
64 | CACM-0200 | 6.528365135192871 | 0.015625 | 1.0
64 | CACM-0201 | 6.528365135192871 | 0.015384615384615385 | 1.0
64 | CACM-0210 | 6.528365135192871 | 0.015151515151515152 | 1.0
64 | CACM-3112 | 6.505100727081299 | 0.014925373134328358 | 1.0
64 | CACM-1255 | 6.484096050262451 | 0.014705882352941176 | 1.0
64 | CACM-1727 | 6.4461236000061035 | 0.014492753623188406 | 1.0
64 | CACM-0284 | 6.4199628829956055 | 0.014285714285714285 | 1.0
64 | CACM-2762 | 6.388878345489502 | 0.014084507042253521 | 1.0
64 | CACM-1626 | 6.3797101974487305 | 0.013888888888888888 | 1.0
64 | CACM-2742 | 6.370986461639404 | 0.0136986301369863 | 1.0
64 | CACM-2262 | 6.3545145988464355 | 0.013513513513513514 | 1.0
64 | CACM-1216 | 6.343874931335449 | 0.013333333333333334 | 1.0
64 | CACM-0106 | 6.284634590148926 | 0.013157894736842105 | 1.0
64 | CACM-2712 | 6.265234470367432 | 0.012987012987012988 | 1.0
64 | CACM-2927 | 6.261266708374023 | 0.01282051282051282 | 1.0
64 | CACM-2392 | 6.225343227386475 | 0.012658227848101266 | 1.0
64 | CACM-1035 | 6.220118045806885 | 0.0125 | 1.0
64 | CACM-1259 | 6.157735824584961 | 0.012345679012345678 | 1.0
64 | CACM-2916 | 6.1542534828186035 | 0.012195121951219513 | 1.0
64 | CACM-2157 | 6.111867427825928 | 0.012048192771084338 | 1.0
64 | CACM-1486 | 6.111328125 | 0.011904761904761904 | 1.0
64 | CACM-1382 | 6.107880592346191 | 0.011764705882352941 | 1.0
64 | CACM-3144 | 6.107880592346191 | 0.011627906976744186 | 1.0
64 | CACM-2151 | 6.0941290855407715 | 0.011494252873563218 | 1.0
64 | CACM-2684 | 6.068900108337402 | 0.011363636363636364 | 1.0
64 | CACM-2002 | 6.040074348449707 | 0.011235955056179775 | 1.0
64 | CACM-1752 | 6.016485691070557 | 0.011111111111111112 | 1.0
64 | CACM-1972 | 5.999509811401367 | 0.01098901098901099 | 1.0
64 | CACM-1895 | 5.988576889038086 | 0.010869565217391304 | 1.0
64 | CACM-2609 | 5.97380256652832 | 0.010752688172043012 | 1.0
64 | CACM-2144 | 5.97197151184082 | 0.010638297872340425 | 1.0
64 | CACM-2646 | 5.955315113067627 | 0.010526315789473684 | 1.0
64 | CACM-0069 | 5.943207740783691 | 0.010416666666666666 | 1.0
64 | CACM-2168 | 5.938472270965576 | 0.010309278350515464 | 1.0
64 | CACM-1470 | 5.9259233474731445 | 0.01020408163265306 | 1.0
64 | CACM-2752 | 5.915862083435059 | 0.010101010101010102 | 1.0
64 | CACM-2358 | 5.907440662384033 | 0.01 | 1.0
