queryId | docId | score | precision | recall
3 | CACM-2061 | 9.125042915344238 | 0.0 | 0.0
3 | CACM-1988 | 8.744075775146484 | 0.0 | 0.0
3 | CACM-2112 | 8.142549514770508 | 0.0 | 0.0
3 | CACM-0265 | 8.072683334350586 | 0.0 | 0.0
3 | CACM-1496 | 8.05864143371582 | 0.0 | 0.0
3 | CACM-0799 | 7.939939498901367 | 0.0 | 0.0
3 | CACM-2666 | 7.870933532714844 | 0.0 | 0.0
3 | CACM-1154 | 7.831838607788086 | 0.0 | 0.0
3 | CACM-1304 | 7.468936443328857 | 0.0 | 0.0
3 | CACM-2411 | 7.413897514343262 | 0.0 | 0.0
3 | CACM-2921 | 7.377123832702637 | 0.0 | 0.0
3 | CACM-0205 | 7.299592971801758 | 0.0 | 0.0
3 | CACM-2939 | 7.157750129699707 | 0.0 | 0.0
3 | CACM-2886 | 6.947679042816162 | 0.0 | 0.0
3 | CACM-3102 | 6.498106956481934 | 0.0 | 0.0
3 | CACM-3144 | 6.48322057723999 | 0.0 | 0.0
3 | CACM-0062 | 6.456121444702148 | 0.0 | 0.0
3 | CACM-1521 | 6.272919178009033 | 0.0 | 0.0
3 | CACM-1134 | 6.266163349151611 | 0.05263157894736842 | 0.16666666666666666
3 | CACM-1788 | 6.116642475128174 | 0.05 | 0.16666666666666666
3 | CACM-1223 | 6.078284740447998 | 0.047619047619047616 | 0.16666666666666666
3 | CACM-2732 | 6.003706932067871 | 0.045454545454545456 | 0.16666666666666666
3 | CACM-3093 | 6.003706932067871 | 0.043478260869565216 | 0.16666666666666666
3 | CACM-2684 | 5.941511154174805 | 0.041666666666666664 | 0.16666666666666666
3 | CACM-0661 | 5.936030864715576 | 0.04 | 0.16666666666666666
3 | CACM-3030 | 5.8552117347717285 | 0.038461538461538464 | 0.16666666666666666
3 | CACM-2579 | 5.7138848304748535 | 0.037037037037037035 | 0.16666666666666666
3 | CACM-0929 | 5.652836322784424 | 0.03571428571428571 | 0.16666666666666666
3 | CACM-1402 | 5.617459297180176 | 0.034482758620689655 | 0.16666666666666666
3 | CACM-1350 | 5.532986640930176 | 0.03333333333333333 | 0.16666666666666666
3 | CACM-0077 | 5.482777118682861 | 0.03225806451612903 | 0.16666666666666666
3 | CACM-2316 | 5.440817832946777 | 0.03125 | 0.16666666666666666
3 | CACM-2534 | 5.3991169929504395 | 0.030303030303030304 | 0.16666666666666666
3 | CACM-1135 | 5.386937141418457 | 0.029411764705882353 | 0.16666666666666666
3 | CACM-2587 | 5.374976634979248 | 0.02857142857142857 | 0.16666666666666666
3 | CACM-3115 | 5.3466410636901855 | 0.027777777777777776 | 0.16666666666666666
3 | CACM-2138 | 5.3280744552612305 | 0.02702702702702703 | 0.16666666666666666
3 | CACM-0100 | 5.322650909423828 | 0.02631578947368421 | 0.16666666666666666
3 | CACM-1313 | 5.322650909423828 | 0.02564102564102564 | 0.16666666666666666
3 | CACM-2136 | 5.275008678436279 | 0.025 | 0.16666666666666666
3 | CACM-0051 | 5.271334171295166 | 0.024390243902439025 | 0.16666666666666666
3 | CACM-2603 | 5.264917373657227 | 0.023809523809523808 | 0.16666666666666666
3 | CACM-1723 | 5.143848419189453 | 0.023255813953488372 | 0.16666666666666666
3 | CACM-2066 | 5.123153209686279 | 0.022727272727272728 | 0.16666666666666666
3 | CACM-2929 | 5.098566055297852 | 0.022222222222222223 | 0.16666666666666666
3 | CACM-1611 | 5.034728527069092 | 0.021739130434782608 | 0.16666666666666666
3 | CACM-3189 | 5.034728527069092 | 0.02127659574468085 | 0.16666666666666666
3 | CACM-0252 | 5.000669479370117 | 0.020833333333333332 | 0.16666666666666666
3 | CACM-2551 | 4.938070297241211 | 0.02040816326530612 | 0.16666666666666666
3 | CACM-2658 | 4.938070297241211 | 0.02 | 0.16666666666666666
3 | CACM-2659 | 4.8938703536987305 | 0.0196078431372549 | 0.16666666666666666
3 | CACM-1366 | 4.88917350769043 | 0.019230769230769232 | 0.16666666666666666
3 | CACM-1746 | 4.886343479156494 | 0.018867924528301886 | 0.16666666666666666
3 | CACM-0249 | 4.862731456756592 | 0.018518518518518517 | 0.16666666666666666
3 | CACM-1098 | 4.808507442474365 | 0.01818181818181818 | 0.16666666666666666
3 | CACM-1703 | 4.801635265350342 | 0.017857142857142856 | 0.16666666666666666
3 | CACM-3099 | 4.783797740936279 | 0.017543859649122806 | 0.16666666666666666
3 | CACM-1783 | 4.740423202514648 | 0.017241379310344827 | 0.16666666666666666
3 | CACM-2705 | 4.726024150848389 | 0.01694915254237288 | 0.16666666666666666
3 | CACM-2111 | 4.7015252113342285 | 0.016666666666666666 | 0.16666666666666666
3 | CACM-0070 | 4.684230804443359 | 0.01639344262295082 | 0.16666666666666666
3 | CACM-1007 | 4.644439697265625 | 0.016129032258064516 | 0.16666666666666666
3 | CACM-1387 | 4.620200157165527 | 0.015873015873015872 | 0.16666666666666666
3 | CACM-1392 | 4.620200157165527 | 0.015625 | 0.16666666666666666
3 | CACM-1459 | 4.556868076324463 | 0.015384615384615385 | 0.16666666666666666
3 | CACM-2064 | 4.545187950134277 | 0.015151515151515152 | 0.16666666666666666
3 | CACM-2179 | 4.545187950134277 | 0.014925373134328358 | 0.16666666666666666
3 | CACM-1658 | 4.505924224853516 | 0.014705882352941176 | 0.16666666666666666
3 | CACM-2495 | 4.491814136505127 | 0.014492753623188406 | 0.16666666666666666
3 | CACM-2295 | 4.359462261199951 | 0.014285714285714285 | 0.16666666666666666
3 | CACM-1678 | 4.358345031738281 | 0.014084507042253521 | 0.16666666666666666
3 | CACM-2317 | 4.338552951812744 | 0.013888888888888888 | 0.16666666666666666
3 | CACM-2517 | 4.314176559448242 | 0.0136986301369863 | 0.16666666666666666
3 | CACM-2609 | 4.314176559448242 | 0.013513513513513514 | 0.16666666666666666
3 | CACM-1852 | 4.29595947265625 | 0.013333333333333334 | 0.16666666666666666
3 | CACM-1029 | 4.293532371520996 | 0.013157894736842105 | 0.16666666666666666
3 | CACM-1062 | 4.293532371520996 | 0.012987012987012988 | 0.16666666666666666
3 | CACM-2645 | 4.2645745277404785 | 0.01282051282051282 | 0.16666666666666666
3 | CACM-0637 | 4.2617597579956055 | 0.012658227848101266 | 0.16666666666666666
3 | CACM-1807 | 4.2617597579956055 | 0.025 | 0.3333333333333333
3 | CACM-2870 | 4.2617597579956055 | 0.024691358024691357 | 0.3333333333333333
3 | CACM-3148 | 4.235334396362305 | 0.024390243902439025 | 0.3333333333333333
3 | CACM-1314 | 4.2148003578186035 | 0.024096385542168676 | 0.3333333333333333
3 | CACM-2685 | 4.2148003578186035 | 0.023809523809523808 | 0.3333333333333333
3 | CACM-1306 | 4.199342250823975 | 0.023529411764705882 | 0.3333333333333333
3 | CACM-2406 | 4.186806678771973 | 0.023255813953488372 | 0.3333333333333333
3 | CACM-3150 | 4.186806678771973 | 0.022988505747126436 | 0.3333333333333333
3 | CACM-1466 | 4.137283802032471 | 0.022727272727272728 | 0.3333333333333333
3 | CACM-2423 | 4.132900238037109 | 0.02247191011235955 | 0.3333333333333333
3 | CACM-2572 | 4.132900238037109 | 0.022222222222222223 | 0.3333333333333333
3 | CACM-1386 | 4.100763320922852 | 0.02197802197802198 | 0.3333333333333333
3 | CACM-2871 | 4.100261688232422 | 0.021739130434782608 | 0.3333333333333333
3 | CACM-1785 | 4.088723659515381 | 0.021505376344086023 | 0.3333333333333333
3 | CACM-1485 | 4.063309669494629 | 0.02127659574468085 | 0.3333333333333333
3 | CACM-2305 | 4.063309669494629 | 0.021052631578947368 | 0.3333333333333333
3 | CACM-1102 | 4.053466320037842 | 0.020833333333333332 | 0.3333333333333333
3 | CACM-1138 | 4.053466320037842 | 0.020618556701030927 | 0.3333333333333333
3 | CACM-1976 | 4.036599159240723 | 0.02040816326530612 | 0.3333333333333333
3 | CACM-0463 | 4.012818336486816 | 0.020202020202020204 | 0.3333333333333333
3 | CACM-0651 | 4.012818336486816 | 0.02 | 0.3333333333333333
