queryId | docId | score | precision | recall
61 | CACM-2711 | 30.676942825317383 | 1.0 | 0.03225806451612903
61 | CACM-2307 | 25.844518661499023 | 1.0 | 0.06451612903225806
61 | CACM-0634 | 24.828392028808594 | 0.6666666666666666 | 0.06451612903225806
61 | CACM-1236 | 23.678070068359375 | 0.75 | 0.0967741935483871
61 | CACM-2451 | 22.830358505249023 | 0.8 | 0.12903225806451613
61 | CACM-1457 | 19.444625854492188 | 0.8333333333333334 | 0.16129032258064516
61 | CACM-1927 | 19.381071090698242 | 0.8571428571428571 | 0.1935483870967742
61 | CACM-3134 | 19.199617385864258 | 0.875 | 0.22580645161290322
61 | CACM-2746 | 17.551830291748047 | 0.7777777777777778 | 0.22580645161290322
61 | CACM-1935 | 16.988906860351562 | 0.7 | 0.22580645161290322
61 | CACM-2160 | 16.678817749023438 | 0.7272727272727273 | 0.25806451612903225
61 | CACM-1830 | 16.609718322753906 | 0.75 | 0.2903225806451613
61 | CACM-2990 | 16.238414764404297 | 0.7692307692307693 | 0.3225806451612903
61 | CACM-1287 | 16.21440887451172 | 0.7142857142857143 | 0.3225806451612903
61 | CACM-2114 | 15.83109188079834 | 0.6666666666666666 | 0.3225806451612903
61 | CACM-2882 | 15.436761856079102 | 0.625 | 0.3225806451612903
61 | CACM-2251 | 15.211207389831543 | 0.5882352941176471 | 0.3225806451612903
61 | CACM-2631 | 15.201972961425781 | 0.6111111111111112 | 0.3548387096774194
61 | CACM-2561 | 15.024887084960938 | 0.5789473684210527 | 0.3548387096774194
61 | CACM-2288 | 14.943047523498535 | 0.55 | 0.3548387096774194
61 | CACM-2991 | 14.640321731567383 | 0.5238095238095238 | 0.3548387096774194
61 | CACM-2107 | 14.638667106628418 | 0.5 | 0.3548387096774194
61 | CACM-2947 | 14.604598999023438 | 0.4782608695652174 | 0.3548387096774194
61 | CACM-2140 | 14.480974197387695 | 0.4583333333333333 | 0.3548387096774194
61 | CACM-2109 | 14.349186897277832 | 0.44 | 0.3548387096774194
61 | CACM-2965 | 13.846296310424805 | 0.46153846153846156 | 0.3870967741935484
61 | CACM-3168 | 13.846296310424805 | 0.48148148148148145 | 0.41935483870967744
61 | CACM-3169 | 13.746344566345215 | 0.5 | 0.45161290322580644
61 | CACM-2916 | 13.738723754882812 | 0.4827586206896552 | 0.45161290322580644
61 | CACM-2278 | 13.408878326416016 | 0.4666666666666667 | 0.45161290322580644
61 | CACM-2976 | 13.354582786560059 | 0.4838709677419355 | 0.4838709677419355
61 | CACM-3072 | 13.31192398071289 | 0.46875 | 0.4838709677419355
61 | CACM-0239 | 13.12057113647461 | 0.45454545454545453 | 0.4838709677419355
61 | CACM-2033 | 12.415311813354492 | 0.4411764705882353 | 0.4838709677419355
61 | CACM-2018 | 12.057886123657227 | 0.42857142857142855 | 0.4838709677419355
61 | CACM-2765 | 11.918290138244629 | 0.4444444444444444 | 0.5161290322580645
61 | CACM-2437 | 11.875068664550781 | 0.43243243243243246 | 0.5161290322580645
61 | CACM-1194 | 11.842923164367676 | 0.42105263157894735 | 0.5161290322580645
61 | CACM-2974 | 11.828929901123047 | 0.41025641025641024 | 0.5161290322580645
61 | CACM-2575 | 11.399446487426758 | 0.425 | 0.5483870967741935
61 | CACM-1916 | 11.37474250793457 | 0.4146341463414634 | 0.5483870967741935
61 | CACM-1032 | 11.349183082580566 | 0.42857142857142855 | 0.5806451612903226
61 | CACM-1699 | 11.343292236328125 | 0.4186046511627907 | 0.5806451612903226
61 | CACM-2530 | 11.31722640991211 | 0.4090909090909091 | 0.5806451612903226
61 | CACM-2258 | 11.306910514831543 | 0.4 | 0.5806451612903226
61 | CACM-2494 | 11.236408233642578 | 0.391304347826087 | 0.5806451612903226
61 | CACM-2722 | 11.160368919372559 | 0.3829787234042553 | 0.5806451612903226
61 | CACM-3041 | 11.063211441040039 | 0.375 | 0.5806451612903226
61 | CACM-1700 | 10.936217308044434 | 0.3673469387755102 | 0.5806451612903226
61 | CACM-2883 | 10.509137153625488 | 0.36 | 0.5806451612903226
61 | CACM-3147 | 10.397747039794922 | 0.35294117647058826 | 0.5806451612903226
61 | CACM-1992 | 10.329559326171875 | 0.34615384615384615 | 0.5806451612903226
61 | CACM-0615 | 10.233070373535156 | 0.33962264150943394 | 0.5806451612903226
61 | CACM-2795 | 9.855140686035156 | 0.3333333333333333 | 0.5806451612903226
61 | CACM-2753 | 9.798477172851562 | 0.32727272727272727 | 0.5806451612903226
61 | CACM-2968 | 9.769535064697266 | 0.32142857142857145 | 0.5806451612903226
61 | CACM-1976 | 9.749632835388184 | 0.3333333333333333 | 0.6129032258064516
61 | CACM-2688 | 9.639434814453125 | 0.3275862068965517 | 0.6129032258064516
61 | CACM-0944 | 9.603216171264648 | 0.3220338983050847 | 0.6129032258064516
61 | CACM-3129 | 9.407991409301758 | 0.31666666666666665 | 0.6129032258064516
61 | CACM-0891 | 9.25411605834961 | 0.3114754098360656 | 0.6129032258064516
61 | CACM-1683 | 9.114114761352539 | 0.3064516129032258 | 0.6129032258064516
61 | CACM-2987 | 9.036829948425293 | 0.30158730158730157 | 0.6129032258064516
61 | CACM-2524 | 9.012125968933105 | 0.3125 | 0.6451612903225806
61 | CACM-2809 | 8.940118789672852 | 0.3076923076923077 | 0.6451612903225806
61 | CACM-1928 | 8.86874008178711 | 0.30303030303030304 | 0.6451612903225806
61 | CACM-2736 | 8.649385452270508 | 0.29850746268656714 | 0.6451612903225806
61 | CACM-1046 | 8.644407272338867 | 0.29411764705882354 | 0.6451612903225806
61 | CACM-3033 | 8.644331932067871 | 0.2898550724637681 | 0.6451612903225806
61 | CACM-2293 | 8.638008117675781 | 0.2857142857142857 | 0.6451612903225806
61 | CACM-2203 | 8.561055183410645 | 0.28169014084507044 | 0.6451612903225806
61 | CACM-2641 | 8.519432067871094 | 0.2916666666666667 | 0.6774193548387096
61 | CACM-1681 | 8.484414100646973 | 0.2876712328767123 | 0.6774193548387096
61 | CACM-3084 | 8.420570373535156 | 0.28378378378378377 | 0.6774193548387096
61 | CACM-2157 | 8.401826858520508 | 0.28 | 0.6774193548387096
61 | CACM-1936 | 8.362190246582031 | 0.27631578947368424 | 0.6774193548387096
61 | CACM-2685 | 8.35595703125 | 0.2727272727272727 | 0.6774193548387096
61 | CACM-2870 | 8.252248764038086 | 0.2692307692307692 | 0.6774193548387096
61 | CACM-0397 | 8.245000839233398 | 0.26582278481012656 | 0.6774193548387096
61 | CACM-2832 | 8.191064834594727 | 0.2625 | 0.6774193548387096
61 | CACM-2141 | 8.108617782592773 | 0.25925925925925924 | 0.6774193548387096
61 | CACM-2389 | 8.098121643066406 | 0.25609756097560976 | 0.6774193548387096
61 | CACM-2249 | 8.084569931030273 | 0.25301204819277107 | 0.6774193548387096
61 | CACM-1121 | 7.999278545379639 | 0.25 | 0.6774193548387096
61 | CACM-1886 | 7.947650909423828 | 0.24705882352941178 | 0.6774193548387096
61 | CACM-1881 | 7.9285478591918945 | 0.2441860465116279 | 0.6774193548387096
61 | CACM-2846 | 7.896001815795898 | 0.2413793103448276 | 0.6774193548387096
61 | CACM-2978 | 7.890737533569336 | 0.23863636363636365 | 0.6774193548387096
61 | CACM-1271 | 7.890458106994629 | 0.23595505617977527 | 0.6774193548387096
61 | CACM-2623 | 7.782623291015625 | 0.23333333333333334 | 0.6774193548387096
61 | CACM-0651 | 7.777663707733154 | 0.23076923076923078 | 0.6774193548387096
61 | CACM-2598 | 7.753586769104004 | 0.22826086956521738 | 0.6774193548387096
61 | CACM-3135 | 7.746796131134033 | 0.22580645161290322 | 0.6774193548387096
61 | CACM-3012 | 7.7022857666015625 | 0.23404255319148937 | 0.7096774193548387
61 | CACM-3137 | 7.673189640045166 | 0.23157894736842105 | 0.7096774193548387
61 | CACM-2516 | 7.6678972244262695 | 0.22916666666666666 | 0.7096774193548387
61 | CACM-0867 | 7.649412631988525 | 0.2268041237113402 | 0.7096774193548387
61 | CACM-0275 | 7.62474250793457 | 0.22448979591836735 | 0.7096774193548387
61 | CACM-2050 | 7.621599197387695 | 0.2222222222222222 | 0.7096774193548387
61 | CACM-3095 | 7.608055114746094 | 0.22 | 0.7096774193548387
