queryId | docId | score | precision | recall
2 | CACM-2434 | 13.583203315734863 | 1.0 | 0.3333333333333333
2 | CACM-2863 | 11.943918228149414 | 1.0 | 0.6666666666666666
2 | CACM-3078 | 11.932464599609375 | 1.0 | 1.0
2 | CACM-1046 | 5.831211566925049 | 0.75 | 1.0
2 | CACM-1014 | 5.789080619812012 | 0.6 | 1.0
2 | CACM-0492 | 5.479754447937012 | 0.5 | 1.0
2 | CACM-1183 | 5.402027130126953 | 0.42857142857142855 | 1.0
2 | CACM-1867 | 5.337164878845215 | 0.375 | 1.0
2 | CACM-0435 | 5.201807975769043 | 0.3333333333333333 | 1.0
2 | CACM-1305 | 5.1844048500061035 | 0.3 | 1.0
2 | CACM-0397 | 5.108785629272461 | 0.2727272727272727 | 1.0
2 | CACM-0597 | 5.0605878829956055 | 0.25 | 1.0
2 | CACM-0847 | 4.734762191772461 | 0.23076923076923078 | 1.0
2 | CACM-3202 | 4.6673359870910645 | 0.21428571428571427 | 1.0
2 | CACM-1397 | 4.61641788482666 | 0.2 | 1.0
2 | CACM-1623 | 4.61641788482666 | 0.1875 | 1.0
2 | CACM-1625 | 4.584207057952881 | 0.17647058823529413 | 1.0
2 | CACM-2439 | 4.503987789154053 | 0.16666666666666666 | 1.0
2 | CACM-1168 | 4.2290825843811035 | 0.15789473684210525 | 1.0
2 | CACM-1214 | 4.160717964172363 | 0.15 | 1.0
2 | CACM-1345 | 4.160717964172363 | 0.14285714285714285 | 1.0
2 | CACM-1498 | 4.0945281982421875 | 0.13636363636363635 | 1.0
2 | CACM-1424 | 4.030411243438721 | 0.13043478260869565 | 1.0
2 | CACM-3189 | 3.908019542694092 | 0.125 | 1.0
2 | CACM-1315 | 3.8911619186401367 | 0.12 | 1.0
2 | CACM-1215 | 3.849569320678711 | 0.11538461538461539 | 1.0
2 | CACM-1439 | 3.7377614974975586 | 0.1111111111111111 | 1.0
2 | CACM-2645 | 3.6692721843719482 | 0.10714285714285714 | 1.0
2 | CACM-0971 | 3.632265329360962 | 0.10344827586206896 | 1.0
2 | CACM-1117 | 3.632265329360962 | 0.1 | 1.0
2 | CACM-1391 | 3.5325605869293213 | 0.0967741935483871 | 1.0
2 | CACM-0531 | 3.5103156566619873 | 0.09375 | 1.0
2 | CACM-1591 | 3.4713234901428223 | 0.09090909090909091 | 1.0
2 | CACM-0728 | 3.438183546066284 | 0.08823529411764706 | 1.0
2 | CACM-1486 | 3.438183546066284 | 0.08571428571428572 | 1.0
2 | CACM-3204 | 3.438183546066284 | 0.08333333333333333 | 1.0
2 | CACM-1861 | 3.3487181663513184 | 0.08108108108108109 | 1.0
2 | CACM-2356 | 3.3487181663513184 | 0.07894736842105263 | 1.0
2 | CACM-3201 | 3.3487181663513184 | 0.07692307692307693 | 1.0
2 | CACM-0616 | 3.285404682159424 | 0.075 | 1.0
2 | CACM-1403 | 3.2637903690338135 | 0.07317073170731707 | 1.0
2 | CACM-1549 | 3.2637903690338135 | 0.07142857142857142 | 1.0
2 | CACM-1523 | 3.1830639839172363 | 0.06976744186046512 | 1.0
2 | CACM-1926 | 3.1830639839172363 | 0.06818181818181818 | 1.0
2 | CACM-1705 | 3.1332590579986572 | 0.06666666666666667 | 1.0
2 | CACM-0942 | 3.106234550476074 | 0.06521739130434782 | 1.0
2 | CACM-1334 | 3.106234550476074 | 0.06382978723404255 | 1.0
2 | CACM-1464 | 3.106234550476074 | 0.0625 | 1.0
2 | CACM-1564 | 3.106234550476074 | 0.061224489795918366 | 1.0
2 | CACM-2519 | 3.106234550476074 | 0.06 | 1.0
2 | CACM-2937 | 3.106234550476074 | 0.058823529411764705 | 1.0
2 | CACM-0282 | 3.033026695251465 | 0.057692307692307696 | 1.0
2 | CACM-1348 | 3.033026695251465 | 0.05660377358490566 | 1.0
2 | CACM-1427 | 3.033026695251465 | 0.05555555555555555 | 1.0
2 | CACM-2912 | 3.033026695251465 | 0.05454545454545454 | 1.0
2 | CACM-3199 | 3.033026695251465 | 0.05357142857142857 | 1.0
2 | CACM-1161 | 2.8964970111846924 | 0.05263157894736842 | 1.0
2 | CACM-1503 | 2.8964970111846924 | 0.05172413793103448 | 1.0
2 | CACM-1542 | 2.8964970111846924 | 0.05084745762711865 | 1.0
2 | CACM-2383 | 2.8964970111846924 | 0.05 | 1.0
2 | CACM-2456 | 2.8964970111846924 | 0.04918032786885246 | 1.0
2 | CACM-2943 | 2.8964970111846924 | 0.04838709677419355 | 1.0
2 | CACM-3080 | 2.8964970111846924 | 0.047619047619047616 | 1.0
2 | CACM-3127 | 2.8964970111846924 | 0.046875 | 1.0
2 | CACM-1468 | 2.7717292308807373 | 0.046153846153846156 | 1.0
2 | CACM-1469 | 2.657266616821289 | 0.045454545454545456 | 1.0
2 | CACM-1854 | 2.657266616821289 | 0.04477611940298507 | 1.0
2 | CACM-1145 | 2.551882743835449 | 0.04411764705882353 | 1.0
2 | CACM-1676 | 2.551882743835449 | 0.043478260869565216 | 1.0
2 | CACM-1939 | 2.551882743835449 | 0.04285714285714286 | 1.0
2 | CACM-2850 | 2.551882743835449 | 0.04225352112676056 | 1.0
2 | CACM-2939 | 2.551882743835449 | 0.041666666666666664 | 1.0
2 | CACM-3005 | 2.551882743835449 | 0.0410958904109589 | 1.0
2 | CACM-1264 | 2.4545390605926514 | 0.04054054054054054 | 1.0
2 | CACM-1671 | 2.4545390605926514 | 0.04 | 1.0
2 | CACM-2317 | 2.4545390605926514 | 0.039473684210526314 | 1.0
2 | CACM-2471 | 2.4545390605926514 | 0.03896103896103896 | 1.0
2 | CACM-3160 | 2.3643486499786377 | 0.038461538461538464 | 1.0
2 | CACM-0321 | 2.2805516719818115 | 0.0379746835443038 | 1.0
2 | CACM-2092 | 2.2805516719818115 | 0.0375 | 1.0
2 | CACM-2096 | 2.2805516719818115 | 0.037037037037037035 | 1.0
2 | CACM-1680 | 2.202491044998169 | 0.036585365853658534 | 1.0
2 | CACM-2812 | 2.202491044998169 | 0.03614457831325301 | 1.0
2 | CACM-1741 | 2.0613741874694824 | 0.03571428571428571 | 1.0
2 | CACM-1811 | 2.0613741874694824 | 0.03529411764705882 | 1.0
2 | CACM-2217 | 1.9372514486312866 | 0.03488372093023256 | 1.0
2 | CACM-2483 | 1.9372514486312866 | 0.034482758620689655 | 1.0
2 | CACM-2002 | 1.7290297746658325 | 0.03409090909090909 | 1.0
2 | CACM-3077 | 1.4889708757400513 | 0.033707865168539325 | 1.0
2 | CACM-2233 | 1.4231091737747192 | 0.03333333333333333 | 1.0
