queryId | docId | score | precision | recall
61 | CACM-2711 | 36.13421630859375 | 1.0 | 0.03225806451612903
61 | CACM-2307 | 30.331798553466797 | 1.0 | 0.06451612903225806
61 | CACM-0634 | 27.873842239379883 | 0.6666666666666666 | 0.06451612903225806
61 | CACM-1236 | 25.369766235351562 | 0.75 | 0.0967741935483871
61 | CACM-3134 | 24.986675262451172 | 0.8 | 0.12903225806451613
61 | CACM-2451 | 24.26392936706543 | 0.8333333333333334 | 0.16129032258064516
61 | CACM-2114 | 22.040403366088867 | 0.7142857142857143 | 0.16129032258064516
61 | CACM-2140 | 21.370208740234375 | 0.625 | 0.16129032258064516
61 | CACM-1927 | 21.33688735961914 | 0.6666666666666666 | 0.1935483870967742
61 | CACM-1457 | 21.303691864013672 | 0.7 | 0.22580645161290322
61 | CACM-2631 | 20.989030838012695 | 0.7272727272727273 | 0.25806451612903225
61 | CACM-1935 | 20.89109230041504 | 0.6666666666666666 | 0.25806451612903225
61 | CACM-2437 | 19.995563507080078 | 0.6153846153846154 | 0.25806451612903225
61 | CACM-2990 | 19.41118621826172 | 0.6428571428571429 | 0.2903225806451613
61 | CACM-2746 | 19.379112243652344 | 0.6 | 0.2903225806451613
61 | CACM-2561 | 18.654380798339844 | 0.5625 | 0.2903225806451613
61 | CACM-0397 | 18.111055374145508 | 0.5294117647058824 | 0.2903225806451613
61 | CACM-2991 | 17.351686477661133 | 0.5 | 0.2903225806451613
61 | CACM-2882 | 17.054935455322266 | 0.47368421052631576 | 0.2903225806451613
61 | CACM-2160 | 16.678817749023438 | 0.5 | 0.3225806451612903
61 | CACM-1830 | 16.609718322753906 | 0.5238095238095238 | 0.3548387096774194
61 | CACM-3129 | 16.456649780273438 | 0.5 | 0.3548387096774194
61 | CACM-2278 | 16.393062591552734 | 0.4782608695652174 | 0.3548387096774194
61 | CACM-1287 | 16.21440887451172 | 0.4583333333333333 | 0.3548387096774194
61 | CACM-2109 | 16.069143295288086 | 0.44 | 0.3548387096774194
61 | CACM-0239 | 16.011882781982422 | 0.4230769230769231 | 0.3548387096774194
61 | CACM-1976 | 15.96810531616211 | 0.4444444444444444 | 0.3870967741935484
61 | CACM-2251 | 15.211207389831543 | 0.42857142857142855 | 0.3870967741935484
61 | CACM-2258 | 15.209095001220703 | 0.41379310344827586 | 0.3870967741935484
61 | CACM-2516 | 15.199166297912598 | 0.4 | 0.3870967741935484
61 | CACM-2033 | 15.016168594360352 | 0.3870967741935484 | 0.3870967741935484
61 | CACM-2288 | 14.943047523498535 | 0.375 | 0.3870967741935484
61 | CACM-2107 | 14.638667106628418 | 0.36363636363636365 | 0.3870967741935484
61 | CACM-2947 | 14.604598999023438 | 0.35294117647058826 | 0.3870967741935484
61 | CACM-2883 | 14.54883098602295 | 0.34285714285714286 | 0.3870967741935484
61 | CACM-1194 | 14.454662322998047 | 0.3333333333333333 | 0.3870967741935484
61 | CACM-1700 | 13.900569915771484 | 0.32432432432432434 | 0.3870967741935484
61 | CACM-2965 | 13.846296310424805 | 0.34210526315789475 | 0.41935483870967744
61 | CACM-3168 | 13.846296310424805 | 0.358974358974359 | 0.45161290322580644
61 | CACM-3169 | 13.746344566345215 | 0.375 | 0.4838709677419355
61 | CACM-2916 | 13.738723754882812 | 0.36585365853658536 | 0.4838709677419355
61 | CACM-2777 | 13.557915687561035 | 0.35714285714285715 | 0.4838709677419355
61 | CACM-2374 | 13.420377731323242 | 0.3488372093023256 | 0.4838709677419355
61 | CACM-2976 | 13.354582786560059 | 0.36363636363636365 | 0.5161290322580645
61 | CACM-3072 | 13.31192398071289 | 0.35555555555555557 | 0.5161290322580645
61 | CACM-2070 | 13.086189270019531 | 0.34782608695652173 | 0.5161290322580645
61 | CACM-1808 | 12.959139823913574 | 0.3404255319148936 | 0.5161290322580645
61 | CACM-2680 | 12.833096504211426 | 0.3333333333333333 | 0.5161290322580645
61 | CACM-1699 | 12.7472562789917 | 0.32653061224489793 | 0.5161290322580645
61 | CACM-2203 | 12.614255905151367 | 0.32 | 0.5161290322580645
61 | CACM-2978 | 12.403943061828613 | 0.3137254901960784 | 0.5161290322580645
61 | CACM-2969 | 12.214302062988281 | 0.3076923076923077 | 0.5161290322580645
61 | CACM-2018 | 12.057886123657227 | 0.3018867924528302 | 0.5161290322580645
61 | CACM-3075 | 11.936503410339355 | 0.2962962962962963 | 0.5161290322580645
61 | CACM-2765 | 11.918290138244629 | 0.3090909090909091 | 0.5483870967741935
61 | CACM-3137 | 11.836670875549316 | 0.30357142857142855 | 0.5483870967741935
61 | CACM-2974 | 11.828929901123047 | 0.2982456140350877 | 0.5483870967741935
61 | CACM-0849 | 11.646364212036133 | 0.29310344827586204 | 0.5483870967741935
61 | CACM-2575 | 11.399446487426758 | 0.3050847457627119 | 0.5806451612903226
61 | CACM-1916 | 11.37474250793457 | 0.3 | 0.5806451612903226
61 | CACM-2736 | 11.364767074584961 | 0.29508196721311475 | 0.5806451612903226
61 | CACM-2862 | 11.3530855178833 | 0.2903225806451613 | 0.5806451612903226
61 | CACM-1032 | 11.349183082580566 | 0.30158730158730157 | 0.6129032258064516
61 | CACM-2968 | 11.34743595123291 | 0.296875 | 0.6129032258064516
61 | CACM-2530 | 11.31722640991211 | 0.2923076923076923 | 0.6129032258064516
61 | CACM-0867 | 11.25064468383789 | 0.2878787878787879 | 0.6129032258064516
61 | CACM-2494 | 11.236408233642578 | 0.2835820895522388 | 0.6129032258064516
61 | CACM-3012 | 11.232927322387695 | 0.29411764705882354 | 0.6451612903225806
61 | CACM-2722 | 11.160368919372559 | 0.2898550724637681 | 0.6451612903225806
61 | CACM-2157 | 11.14195728302002 | 0.2857142857142857 | 0.6451612903225806
61 | CACM-1681 | 11.096152305603027 | 0.28169014084507044 | 0.6451612903225806
61 | CACM-3041 | 11.063211441040039 | 0.2777777777777778 | 0.6451612903225806
61 | CACM-2524 | 11.01167106628418 | 0.2876712328767123 | 0.6774193548387096
61 | CACM-1210 | 10.975225448608398 | 0.28378378378378377 | 0.6774193548387096
61 | CACM-2809 | 10.928606986999512 | 0.28 | 0.6774193548387096
61 | CACM-0696 | 10.871926307678223 | 0.27631578947368424 | 0.6774193548387096
61 | CACM-0440 | 10.862663269042969 | 0.2727272727272727 | 0.6774193548387096
61 | CACM-2484 | 10.730722427368164 | 0.2692307692307692 | 0.6774193548387096
61 | CACM-2927 | 10.675789833068848 | 0.26582278481012656 | 0.6774193548387096
61 | CACM-1881 | 10.619625091552734 | 0.2625 | 0.6774193548387096
61 | CACM-2388 | 10.571167945861816 | 0.25925925925925924 | 0.6774193548387096
61 | CACM-3084 | 10.468378067016602 | 0.25609756097560976 | 0.6774193548387096
61 | CACM-2245 | 10.427392959594727 | 0.25301204819277107 | 0.6774193548387096
61 | CACM-2816 | 10.404989242553711 | 0.25 | 0.6774193548387096
61 | CACM-3147 | 10.397747039794922 | 0.24705882352941178 | 0.6774193548387096
61 | CACM-1271 | 10.35460376739502 | 0.2441860465116279 | 0.6774193548387096
61 | CACM-1992 | 10.329559326171875 | 0.2413793103448276 | 0.6774193548387096
61 | CACM-2547 | 10.293732643127441 | 0.23863636363636365 | 0.6774193548387096
61 | CACM-1928 | 10.249635696411133 | 0.23595505617977527 | 0.6774193548387096
61 | CACM-0615 | 10.233070373535156 | 0.23333333333333334 | 0.6774193548387096
61 | CACM-2434 | 10.20989990234375 | 0.23076923076923078 | 0.6774193548387096
61 | CACM-3033 | 10.147802352905273 | 0.22826086956521738 | 0.6774193548387096
61 | CACM-2359 | 10.072293281555176 | 0.22580645161290322 | 0.6774193548387096
61 | CACM-2032 | 9.98871898651123 | 0.22340425531914893 | 0.6774193548387096
61 | CACM-2141 | 9.922810554504395 | 0.22105263157894736 | 0.6774193548387096
61 | CACM-2249 | 9.885599136352539 | 0.21875 | 0.6774193548387096
61 | CACM-1641 | 9.860419273376465 | 0.21649484536082475 | 0.6774193548387096
61 | CACM-2795 | 9.855140686035156 | 0.21428571428571427 | 0.6774193548387096
61 | CACM-1334 | 9.833959579467773 | 0.21212121212121213 | 0.6774193548387096
61 | CACM-1207 | 9.830751419067383 | 0.21 | 0.6774193548387096
