queryId | docId | score | precision | recall
32 | CACM-3139 | 44.291595458984375 | 1.0 | 0.3333333333333333
32 | CACM-2177 | 35.30891036987305 | 0.5 | 0.3333333333333333
32 | CACM-2289 | 34.85398483276367 | 0.3333333333333333 | 0.3333333333333333
32 | CACM-1839 | 34.835540771484375 | 0.25 | 0.3333333333333333
32 | CACM-2630 | 34.50536346435547 | 0.2 | 0.3333333333333333
32 | CACM-3156 | 32.87111282348633 | 0.16666666666666666 | 0.3333333333333333
32 | CACM-2490 | 32.54950714111328 | 0.14285714285714285 | 0.3333333333333333
32 | CACM-2368 | 31.469558715820312 | 0.125 | 0.3333333333333333
32 | CACM-2883 | 31.419185638427734 | 0.1111111111111111 | 0.3333333333333333
32 | CACM-1961 | 30.54046058654785 | 0.1 | 0.3333333333333333
32 | CACM-3018 | 30.535797119140625 | 0.09090909090909091 | 0.3333333333333333
32 | CACM-2484 | 30.001718521118164 | 0.08333333333333333 | 0.3333333333333333
32 | CACM-2619 | 29.079448699951172 | 0.07692307692307693 | 0.3333333333333333
32 | CACM-2408 | 28.562469482421875 | 0.07142857142857142 | 0.3333333333333333
32 | CACM-1145 | 27.27030372619629 | 0.13333333333333333 | 0.6666666666666666
32 | CACM-1563 | 27.004987716674805 | 0.125 | 0.6666666666666666
32 | CACM-1529 | 26.974950790405273 | 0.11764705882352941 | 0.6666666666666666
32 | CACM-2052 | 26.852636337280273 | 0.1111111111111111 | 0.6666666666666666
32 | CACM-2980 | 26.34868049621582 | 0.10526315789473684 | 0.6666666666666666
32 | CACM-1905 | 26.203651428222656 | 0.1 | 0.6666666666666666
32 | CACM-2290 | 26.08931541442871 | 0.09523809523809523 | 0.6666666666666666
32 | CACM-1504 | 26.008628845214844 | 0.09090909090909091 | 0.6666666666666666
32 | CACM-2172 | 25.735506057739258 | 0.08695652173913043 | 0.6666666666666666
32 | CACM-1847 | 25.353477478027344 | 0.08333333333333333 | 0.6666666666666666
32 | CACM-2934 | 25.285541534423828 | 0.08 | 0.6666666666666666
32 | CACM-3040 | 25.167749404907227 | 0.07692307692307693 | 0.6666666666666666
32 | CACM-2752 | 24.70950698852539 | 0.07407407407407407 | 0.6666666666666666
32 | CACM-2430 | 24.43122100830078 | 0.07142857142857142 | 0.6666666666666666
32 | CACM-2877 | 24.394649505615234 | 0.06896551724137931 | 0.6666666666666666
32 | CACM-2695 | 24.26435089111328 | 0.06666666666666667 | 0.6666666666666666
32 | CACM-2015 | 23.689481735229492 | 0.06451612903225806 | 0.6666666666666666
32 | CACM-2178 | 23.13225746154785 | 0.0625 | 0.6666666666666666
32 | CACM-2524 | 22.842105865478516 | 0.06060606060606061 | 0.6666666666666666
32 | CACM-2763 | 22.763107299804688 | 0.058823529411764705 | 0.6666666666666666
32 | CACM-2275 | 22.408517837524414 | 0.05714285714285714 | 0.6666666666666666
32 | CACM-2059 | 22.329608917236328 | 0.05555555555555555 | 0.6666666666666666
32 | CACM-1481 | 21.753578186035156 | 0.05405405405405406 | 0.6666666666666666
32 | CACM-2161 | 21.753578186035156 | 0.05263157894736842 | 0.6666666666666666
32 | CACM-2461 | 21.753578186035156 | 0.05128205128205128 | 0.6666666666666666
32 | CACM-2155 | 21.701459884643555 | 0.05 | 0.6666666666666666
32 | CACM-2790 | 21.537599563598633 | 0.04878048780487805 | 0.6666666666666666
32 | CACM-1983 | 20.51899528503418 | 0.047619047619047616 | 0.6666666666666666
32 | CACM-3164 | 20.098133087158203 | 0.046511627906976744 | 0.6666666666666666
32 | CACM-2769 | 20.010759353637695 | 0.045454545454545456 | 0.6666666666666666
32 | CACM-1822 | 19.592388153076172 | 0.044444444444444446 | 0.6666666666666666
32 | CACM-3124 | 19.191143035888672 | 0.043478260869565216 | 0.6666666666666666
32 | CACM-2444 | 18.585248947143555 | 0.0425531914893617 | 0.6666666666666666
32 | CACM-2697 | 18.325660705566406 | 0.041666666666666664 | 0.6666666666666666
32 | CACM-2195 | 18.285249710083008 | 0.04081632653061224 | 0.6666666666666666
32 | CACM-1899 | 18.257213592529297 | 0.04 | 0.6666666666666666
32 | CACM-1423 | 18.236095428466797 | 0.0392156862745098 | 0.6666666666666666
32 | CACM-1791 | 17.975385665893555 | 0.038461538461538464 | 0.6666666666666666
32 | CACM-2189 | 17.8177547454834 | 0.03773584905660377 | 0.6666666666666666
32 | CACM-1935 | 17.59571647644043 | 0.037037037037037035 | 0.6666666666666666
32 | CACM-1432 | 17.30038833618164 | 0.03636363636363636 | 0.6666666666666666
32 | CACM-2701 | 17.021425247192383 | 0.03571428571428571 | 0.6666666666666666
32 | CACM-1172 | 16.51335906982422 | 0.03508771929824561 | 0.6666666666666666
32 | CACM-1415 | 16.061201095581055 | 0.034482758620689655 | 0.6666666666666666
32 | CACM-2568 | 15.916523933410645 | 0.03389830508474576 | 0.6666666666666666
32 | CACM-2986 | 15.897466659545898 | 0.03333333333333333 | 0.6666666666666666
32 | CACM-3100 | 15.211075782775879 | 0.03278688524590164 | 0.6666666666666666
32 | CACM-1721 | 15.020855903625488 | 0.03225806451612903 | 0.6666666666666666
32 | CACM-1934 | 14.88659381866455 | 0.031746031746031744 | 0.6666666666666666
32 | CACM-2453 | 14.55050277709961 | 0.03125 | 0.6666666666666666
32 | CACM-2125 | 14.446229934692383 | 0.03076923076923077 | 0.6666666666666666
32 | CACM-3138 | 14.141294479370117 | 0.030303030303030304 | 0.6666666666666666
32 | CACM-2856 | 13.882407188415527 | 0.029850746268656716 | 0.6666666666666666
32 | CACM-1456 | 13.826667785644531 | 0.029411764705882353 | 0.6666666666666666
32 | CACM-1828 | 13.75396728515625 | 0.028985507246376812 | 0.6666666666666666
32 | CACM-2767 | 13.675561904907227 | 0.02857142857142857 | 0.6666666666666666
32 | CACM-2819 | 13.65513801574707 | 0.028169014084507043 | 0.6666666666666666
32 | CACM-3033 | 13.526897430419922 | 0.027777777777777776 | 0.6666666666666666
32 | CACM-2273 | 13.368512153625488 | 0.0273972602739726 | 0.6666666666666666
32 | CACM-1924 | 13.294984817504883 | 0.02702702702702703 | 0.6666666666666666
32 | CACM-3125 | 13.255675315856934 | 0.02666666666666667 | 0.6666666666666666
32 | CACM-2925 | 13.113567352294922 | 0.02631578947368421 | 0.6666666666666666
32 | CACM-1947 | 13.090009689331055 | 0.025974025974025976 | 0.6666666666666666
32 | CACM-2606 | 12.838528633117676 | 0.02564102564102564 | 0.6666666666666666
32 | CACM-1925 | 12.781503677368164 | 0.02531645569620253 | 0.6666666666666666
32 | CACM-3172 | 12.781503677368164 | 0.025 | 0.6666666666666666
32 | CACM-2923 | 12.628165245056152 | 0.024691358024691357 | 0.6666666666666666
32 | CACM-2389 | 12.440489768981934 | 0.024390243902439025 | 0.6666666666666666
32 | CACM-2920 | 12.206151962280273 | 0.024096385542168676 | 0.6666666666666666
32 | CACM-2903 | 12.183380126953125 | 0.023809523809523808 | 0.6666666666666666
32 | CACM-3153 | 12.06922721862793 | 0.023529411764705882 | 0.6666666666666666
32 | CACM-2213 | 12.017179489135742 | 0.023255813953488372 | 0.6666666666666666
32 | CACM-2081 | 12.015069961547852 | 0.022988505747126436 | 0.6666666666666666
32 | CACM-1401 | 11.957854270935059 | 0.022727272727272728 | 0.6666666666666666
32 | CACM-3134 | 11.803627967834473 | 0.02247191011235955 | 0.6666666666666666
32 | CACM-2523 | 11.803573608398438 | 0.022222222222222223 | 0.6666666666666666
32 | CACM-2771 | 11.7291259765625 | 0.02197802197802198 | 0.6666666666666666
32 | CACM-3132 | 11.53646183013916 | 0.021739130434782608 | 0.6666666666666666
32 | CACM-2247 | 11.50697135925293 | 0.021505376344086023 | 0.6666666666666666
32 | CACM-2554 | 11.322097778320312 | 0.02127659574468085 | 0.6666666666666666
32 | CACM-2561 | 11.313474655151367 | 0.021052631578947368 | 0.6666666666666666
32 | CACM-2950 | 11.306817054748535 | 0.020833333333333332 | 0.6666666666666666
32 | CACM-3085 | 11.208887100219727 | 0.020618556701030927 | 0.6666666666666666
32 | CACM-3008 | 11.198010444641113 | 0.02040816326530612 | 0.6666666666666666
32 | CACM-1487 | 11.136650085449219 | 0.020202020202020204 | 0.6666666666666666
32 | CACM-2094 | 11.04821491241455 | 0.02 | 0.6666666666666666
