queryId | docId | score | precision | recall
39 | CACM-2651 | 45.14189910888672 | 1.0 | 0.08333333333333333
39 | CACM-2940 | 37.95684051513672 | 0.5 | 0.08333333333333333
39 | CACM-1861 | 32.665321350097656 | 0.6666666666666666 | 0.16666666666666666
39 | CACM-3103 | 31.02497100830078 | 0.5 | 0.16666666666666666
39 | CACM-3105 | 30.586322784423828 | 0.4 | 0.16666666666666666
39 | CACM-1614 | 28.083894729614258 | 0.3333333333333333 | 0.16666666666666666
39 | CACM-1902 | 26.614147186279297 | 0.2857142857142857 | 0.16666666666666666
39 | CACM-2958 | 26.39008331298828 | 0.25 | 0.16666666666666666
39 | CACM-2956 | 25.980876922607422 | 0.2222222222222222 | 0.16666666666666666
39 | CACM-2470 | 24.23872184753418 | 0.2 | 0.16666666666666666
39 | CACM-2941 | 23.726797103881836 | 0.2727272727272727 | 0.25
39 | CACM-2957 | 23.035371780395508 | 0.25 | 0.25
39 | CACM-2254 | 21.254446029663086 | 0.23076923076923078 | 0.25
39 | CACM-3031 | 21.051128387451172 | 0.2857142857142857 | 0.3333333333333333
39 | CACM-2931 | 20.959199905395508 | 0.26666666666666666 | 0.3333333333333333
39 | CACM-2785 | 20.04677963256836 | 0.25 | 0.3333333333333333
39 | CACM-1678 | 20.03590202331543 | 0.23529411764705882 | 0.3333333333333333
39 | CACM-2406 | 19.175168991088867 | 0.2222222222222222 | 0.3333333333333333
39 | CACM-2265 | 18.976476669311523 | 0.2631578947368421 | 0.4166666666666667
39 | CACM-2684 | 18.877159118652344 | 0.25 | 0.4166666666666667
39 | CACM-2082 | 18.785171508789062 | 0.23809523809523808 | 0.4166666666666667
39 | CACM-1213 | 18.5924015045166 | 0.22727272727272727 | 0.4166666666666667
39 | CACM-2078 | 18.38152313232422 | 0.21739130434782608 | 0.4166666666666667
39 | CACM-2341 | 18.32036590576172 | 0.20833333333333334 | 0.4166666666666667
39 | CACM-2705 | 18.306772232055664 | 0.2 | 0.4166666666666667
39 | CACM-0527 | 17.676795959472656 | 0.19230769230769232 | 0.4166666666666667
39 | CACM-1602 | 17.613080978393555 | 0.18518518518518517 | 0.4166666666666667
39 | CACM-2558 | 16.961706161499023 | 0.21428571428571427 | 0.5
39 | CACM-2138 | 16.745784759521484 | 0.20689655172413793 | 0.5
39 | CACM-1098 | 16.69911766052246 | 0.2 | 0.5
39 | CACM-2939 | 16.541080474853516 | 0.22580645161290322 | 0.5833333333333334
39 | CACM-1693 | 16.30615234375 | 0.25 | 0.6666666666666666
39 | CACM-1835 | 16.281936645507812 | 0.24242424242424243 | 0.6666666666666666
39 | CACM-1439 | 16.151748657226562 | 0.23529411764705882 | 0.6666666666666666
39 | CACM-2126 | 16.150876998901367 | 0.2571428571428571 | 0.75
39 | CACM-2320 | 16.145238876342773 | 0.25 | 0.75
39 | CACM-1491 | 16.081661224365234 | 0.24324324324324326 | 0.75
39 | CACM-1703 | 16.076923370361328 | 0.23684210526315788 | 0.75
39 | CACM-2527 | 15.8780517578125 | 0.23076923076923078 | 0.75
39 | CACM-1262 | 15.772492408752441 | 0.225 | 0.75
39 | CACM-3101 | 15.748647689819336 | 0.21951219512195122 | 0.75
39 | CACM-2717 | 15.599735260009766 | 0.21428571428571427 | 0.75
39 | CACM-1463 | 15.562015533447266 | 0.20930232558139536 | 0.75
39 | CACM-1470 | 15.512974739074707 | 0.20454545454545456 | 0.75
39 | CACM-1626 | 15.394198417663574 | 0.2 | 0.75
39 | CACM-2699 | 15.383468627929688 | 0.1956521739130435 | 0.75
39 | CACM-2799 | 15.264131546020508 | 0.19148936170212766 | 0.75
39 | CACM-1869 | 15.036969184875488 | 0.1875 | 0.75
39 | CACM-2178 | 14.950593948364258 | 0.1836734693877551 | 0.75
39 | CACM-2546 | 14.915983200073242 | 0.18 | 0.75
39 | CACM-3185 | 14.876176834106445 | 0.17647058823529413 | 0.75
39 | CACM-2898 | 14.868014335632324 | 0.17307692307692307 | 0.75
39 | CACM-2264 | 14.543353080749512 | 0.16981132075471697 | 0.75
39 | CACM-1379 | 14.504525184631348 | 0.16666666666666666 | 0.75
39 | CACM-3150 | 14.357375144958496 | 0.16363636363636364 | 0.75
39 | CACM-1282 | 14.228076934814453 | 0.16071428571428573 | 0.75
39 | CACM-1142 | 14.053918838500977 | 0.15789473684210525 | 0.75
39 | CACM-0630 | 14.041688919067383 | 0.15517241379310345 | 0.75
39 | CACM-1625 | 13.864662170410156 | 0.15254237288135594 | 0.75
39 | CACM-3091 | 13.458829879760742 | 0.15 | 0.75
39 | CACM-0595 | 13.410550117492676 | 0.14754098360655737 | 0.75
39 | CACM-3142 | 13.267809867858887 | 0.14516129032258066 | 0.75
39 | CACM-2299 | 13.099811553955078 | 0.14285714285714285 | 0.75
39 | CACM-0618 | 12.935016632080078 | 0.140625 | 0.75
39 | CACM-0867 | 12.75466537475586 | 0.13846153846153847 | 0.75
39 | CACM-2732 | 12.697218894958496 | 0.13636363636363635 | 0.75
39 | CACM-1002 | 12.624540328979492 | 0.13432835820895522 | 0.75
39 | CACM-2314 | 12.579936981201172 | 0.1323529411764706 | 0.75
39 | CACM-2081 | 12.548847198486328 | 0.13043478260869565 | 0.75
39 | CACM-2317 | 12.515788078308105 | 0.14285714285714285 | 0.8333333333333334
39 | CACM-1989 | 12.398332595825195 | 0.14084507042253522 | 0.8333333333333334
39 | CACM-1792 | 12.353509902954102 | 0.1388888888888889 | 0.8333333333333334
39 | CACM-3006 | 12.343591690063477 | 0.136986301369863 | 0.8333333333333334
39 | CACM-2723 | 12.298166275024414 | 0.13513513513513514 | 0.8333333333333334
39 | CACM-2180 | 12.293556213378906 | 0.13333333333333333 | 0.8333333333333334
39 | CACM-2632 | 12.280036926269531 | 0.14473684210526316 | 0.9166666666666666
39 | CACM-2876 | 12.215044975280762 | 0.14285714285714285 | 0.9166666666666666
39 | CACM-2937 | 12.157819747924805 | 0.14102564102564102 | 0.9166666666666666
39 | CACM-1988 | 12.130879402160645 | 0.13924050632911392 | 0.9166666666666666
39 | CACM-1783 | 12.102119445800781 | 0.1375 | 0.9166666666666666
39 | CACM-1467 | 12.035093307495117 | 0.13580246913580246 | 0.9166666666666666
39 | CACM-2909 | 11.961626052856445 | 0.13414634146341464 | 0.9166666666666666
39 | CACM-2425 | 11.86213493347168 | 0.13253012048192772 | 0.9166666666666666
39 | CACM-2083 | 11.788602828979492 | 0.13095238095238096 | 0.9166666666666666
39 | CACM-1112 | 11.743436813354492 | 0.12941176470588237 | 0.9166666666666666
39 | CACM-2305 | 11.729731559753418 | 0.12790697674418605 | 0.9166666666666666
39 | CACM-2152 | 11.715538024902344 | 0.12643678160919541 | 0.9166666666666666
39 | CACM-0205 | 11.665069580078125 | 0.125 | 0.9166666666666666
39 | CACM-2950 | 11.628116607666016 | 0.12359550561797752 | 0.9166666666666666
39 | CACM-2002 | 11.60390567779541 | 0.12222222222222222 | 0.9166666666666666
39 | CACM-1552 | 11.575298309326172 | 0.12087912087912088 | 0.9166666666666666
39 | CACM-2051 | 11.545998573303223 | 0.11956521739130435 | 0.9166666666666666
39 | CACM-1878 | 11.519880294799805 | 0.11827956989247312 | 0.9166666666666666
39 | CACM-0972 | 11.414754867553711 | 0.11702127659574468 | 0.9166666666666666
39 | CACM-2710 | 11.202129364013672 | 0.11578947368421053 | 0.9166666666666666
39 | CACM-2155 | 11.063321113586426 | 0.11458333333333333 | 0.9166666666666666
39 | CACM-2295 | 11.045650482177734 | 0.1134020618556701 | 0.9166666666666666
39 | CACM-3171 | 10.94991683959961 | 0.11224489795918367 | 0.9166666666666666
39 | CACM-2316 | 10.881635665893555 | 0.1111111111111111 | 0.9166666666666666
39 | CACM-3167 | 10.774031639099121 | 0.11 | 0.9166666666666666
