queryId | docId | score | precision | recall
4 | CACM-2377 | 27.20230484008789 | 0.0 | 0.0
4 | CACM-3128 | 26.5186767578125 | 0.5 | 0.08333333333333333
4 | CACM-3043 | 25.67530632019043 | 0.6666666666666666 | 0.16666666666666666
4 | CACM-2939 | 21.80866241455078 | 0.5 | 0.16666666666666666
4 | CACM-3141 | 19.533592224121094 | 0.4 | 0.16666666666666666
4 | CACM-3049 | 19.482715606689453 | 0.3333333333333333 | 0.16666666666666666
4 | CACM-1135 | 18.508520126342773 | 0.2857142857142857 | 0.16666666666666666
4 | CACM-2342 | 18.356555938720703 | 0.25 | 0.16666666666666666
4 | CACM-2519 | 16.23542594909668 | 0.2222222222222222 | 0.16666666666666666
4 | CACM-2438 | 15.824945449829102 | 0.2 | 0.16666666666666666
4 | CACM-2439 | 15.741844177246094 | 0.18181818181818182 | 0.16666666666666666
4 | CACM-2895 | 15.739245414733887 | 0.16666666666666666 | 0.16666666666666666
4 | CACM-2931 | 15.390795707702637 | 0.15384615384615385 | 0.16666666666666666
4 | CACM-2844 | 15.194561958312988 | 0.14285714285714285 | 0.16666666666666666
4 | CACM-2848 | 15.058540344238281 | 0.13333333333333333 | 0.16666666666666666
4 | CACM-2851 | 14.810840606689453 | 0.125 | 0.16666666666666666
4 | CACM-2376 | 14.714044570922852 | 0.11764705882352941 | 0.16666666666666666
4 | CACM-2314 | 14.41852855682373 | 0.1111111111111111 | 0.16666666666666666
4 | CACM-0483 | 14.21733283996582 | 0.10526315789473684 | 0.16666666666666666
4 | CACM-0616 | 14.195514678955078 | 0.1 | 0.16666666666666666
4 | CACM-2742 | 14.187300682067871 | 0.09523809523809523 | 0.16666666666666666
4 | CACM-3148 | 14.147967338562012 | 0.09090909090909091 | 0.16666666666666666
4 | CACM-2870 | 13.877386093139648 | 0.08695652173913043 | 0.16666666666666666
4 | CACM-3103 | 13.850342750549316 | 0.08333333333333333 | 0.16666666666666666
4 | CACM-2958 | 13.83846664428711 | 0.08 | 0.16666666666666666
4 | CACM-2371 | 13.739095687866211 | 0.11538461538461539 | 0.25
4 | CACM-1506 | 13.607065200805664 | 0.1111111111111111 | 0.25
4 | CACM-2684 | 13.133011817932129 | 0.10714285714285714 | 0.25
4 | CACM-2767 | 13.039974212646484 | 0.10344827586206896 | 0.25
4 | CACM-2949 | 12.721525192260742 | 0.1 | 0.25
4 | CACM-3105 | 12.659416198730469 | 0.0967741935483871 | 0.25
4 | CACM-2905 | 12.638050079345703 | 0.09375 | 0.25
4 | CACM-1014 | 12.54712963104248 | 0.09090909090909091 | 0.25
4 | CACM-2969 | 12.523767471313477 | 0.08823529411764706 | 0.25
4 | CACM-0409 | 12.52340030670166 | 0.08571428571428572 | 0.25
4 | CACM-2558 | 12.481332778930664 | 0.08333333333333333 | 0.25
4 | CACM-1829 | 12.213150024414062 | 0.08108108108108109 | 0.25
4 | CACM-2816 | 12.099065780639648 | 0.07894736842105263 | 0.25
4 | CACM-2080 | 11.989485740661621 | 0.07692307692307693 | 0.25
4 | CACM-2920 | 11.922337532043457 | 0.075 | 0.25
4 | CACM-2890 | 11.757652282714844 | 0.07317073170731707 | 0.25
4 | CACM-1626 | 11.7332181930542 | 0.07142857142857142 | 0.25
4 | CACM-3188 | 11.658333778381348 | 0.06976744186046512 | 0.25
4 | CACM-0435 | 11.641769409179688 | 0.06818181818181818 | 0.25
4 | CACM-2626 | 11.605036735534668 | 0.06666666666666667 | 0.25
4 | CACM-1742 | 11.585310935974121 | 0.06521739130434782 | 0.25
4 | CACM-1323 | 11.550450325012207 | 0.06382978723404255 | 0.25
4 | CACM-2932 | 11.447538375854492 | 0.0625 | 0.25
4 | CACM-3073 | 11.441201210021973 | 0.08163265306122448 | 0.3333333333333333
4 | CACM-1248 | 11.40494155883789 | 0.08 | 0.3333333333333333
4 | CACM-1458 | 11.377495765686035 | 0.0784313725490196 | 0.3333333333333333
4 | CACM-2721 | 11.257442474365234 | 0.07692307692307693 | 0.3333333333333333
4 | CACM-2536 | 11.18734073638916 | 0.07547169811320754 | 0.3333333333333333
4 | CACM-3018 | 11.153849601745605 | 0.07407407407407407 | 0.3333333333333333
4 | CACM-2356 | 11.135223388671875 | 0.07272727272727272 | 0.3333333333333333
4 | CACM-1099 | 11.105265617370605 | 0.07142857142857142 | 0.3333333333333333
4 | CACM-2900 | 11.008852005004883 | 0.07017543859649122 | 0.3333333333333333
4 | CACM-2383 | 10.96442985534668 | 0.06896551724137931 | 0.3333333333333333
4 | CACM-1527 | 10.956521987915039 | 0.06779661016949153 | 0.3333333333333333
4 | CACM-2840 | 10.801159858703613 | 0.06666666666666667 | 0.3333333333333333
4 | CACM-3057 | 10.799049377441406 | 0.06557377049180328 | 0.3333333333333333
4 | CACM-2060 | 10.775118827819824 | 0.06451612903225806 | 0.3333333333333333
4 | CACM-1681 | 10.693780899047852 | 0.06349206349206349 | 0.3333333333333333
4 | CACM-2632 | 10.671343803405762 | 0.0625 | 0.3333333333333333
4 | CACM-2936 | 10.671343803405762 | 0.06153846153846154 | 0.3333333333333333
4 | CACM-1588 | 10.666291236877441 | 0.06060606060606061 | 0.3333333333333333
4 | CACM-1485 | 10.558906555175781 | 0.05970149253731343 | 0.3333333333333333
4 | CACM-3171 | 10.553864479064941 | 0.058823529411764705 | 0.3333333333333333
4 | CACM-1908 | 10.488431930541992 | 0.057971014492753624 | 0.3333333333333333
4 | CACM-2915 | 10.477477073669434 | 0.05714285714285714 | 0.3333333333333333
4 | CACM-2940 | 10.41865348815918 | 0.056338028169014086 | 0.3333333333333333
4 | CACM-1484 | 10.377614974975586 | 0.05555555555555555 | 0.3333333333333333
4 | CACM-1943 | 10.313932418823242 | 0.0547945205479452 | 0.3333333333333333
4 | CACM-1534 | 10.256473541259766 | 0.05405405405405406 | 0.3333333333333333
4 | CACM-1905 | 10.112325668334961 | 0.05333333333333334 | 0.3333333333333333
4 | CACM-2020 | 10.086040496826172 | 0.05263157894736842 | 0.3333333333333333
4 | CACM-3021 | 10.044840812683105 | 0.05194805194805195 | 0.3333333333333333
4 | CACM-1727 | 10.017879486083984 | 0.05128205128205128 | 0.3333333333333333
4 | CACM-2912 | 9.9119873046875 | 0.06329113924050633 | 0.4166666666666667
4 | CACM-2929 | 9.869072914123535 | 0.0625 | 0.4166666666666667
4 | CACM-1180 | 9.805150032043457 | 0.06172839506172839 | 0.4166666666666667
4 | CACM-1710 | 9.607828140258789 | 0.06097560975609756 | 0.4166666666666667
4 | CACM-1012 | 9.603548049926758 | 0.060240963855421686 | 0.4166666666666667
4 | CACM-2777 | 9.533624649047852 | 0.05952380952380952 | 0.4166666666666667
4 | CACM-2457 | 9.415273666381836 | 0.058823529411764705 | 0.4166666666666667
4 | CACM-2877 | 9.413616180419922 | 0.05813953488372093 | 0.4166666666666667
4 | CACM-3064 | 9.339052200317383 | 0.05747126436781609 | 0.4166666666666667
4 | CACM-3120 | 9.324446678161621 | 0.056818181818181816 | 0.4166666666666667
4 | CACM-1931 | 9.291196823120117 | 0.056179775280898875 | 0.4166666666666667
4 | CACM-1166 | 9.280874252319336 | 0.05555555555555555 | 0.4166666666666667
4 | CACM-1595 | 9.264490127563477 | 0.054945054945054944 | 0.4166666666666667
4 | CACM-0069 | 9.252185821533203 | 0.05434782608695652 | 0.4166666666666667
4 | CACM-2134 | 9.22771167755127 | 0.053763440860215055 | 0.4166666666666667
4 | CACM-2665 | 9.168062210083008 | 0.05319148936170213 | 0.4166666666666667
4 | CACM-1518 | 9.111116409301758 | 0.05263157894736842 | 0.4166666666666667
4 | CACM-2541 | 9.084236145019531 | 0.052083333333333336 | 0.4166666666666667
4 | CACM-1469 | 9.0357084274292 | 0.05154639175257732 | 0.4166666666666667
4 | CACM-1399 | 9.012847900390625 | 0.05102040816326531 | 0.4166666666666667
4 | CACM-1651 | 8.965161323547363 | 0.050505050505050504 | 0.4166666666666667
4 | CACM-2017 | 8.929641723632812 | 0.05 | 0.4166666666666667
