queryId | docId | score | precision | recall
17 | CACM-1223 | 12.766714096069336 | 1.0 | 0.0625
17 | CACM-1658 | 11.424549102783203 | 0.5 | 0.0625
17 | CACM-1947 | 11.223243713378906 | 0.6666666666666666 | 0.125
17 | CACM-2491 | 10.611937522888184 | 0.5 | 0.125
17 | CACM-2897 | 10.584599494934082 | 0.4 | 0.125
17 | CACM-1795 | 10.36115837097168 | 0.3333333333333333 | 0.125
17 | CACM-2253 | 10.253055572509766 | 0.2857142857142857 | 0.125
17 | CACM-2495 | 10.060888290405273 | 0.375 | 0.1875
17 | CACM-3080 | 9.892816543579102 | 0.3333333333333333 | 0.1875
17 | CACM-1134 | 9.783267974853516 | 0.4 | 0.25
17 | CACM-1757 | 9.708179473876953 | 0.36363636363636365 | 0.25
17 | CACM-2748 | 9.494633674621582 | 0.3333333333333333 | 0.25
17 | CACM-1676 | 9.045928955078125 | 0.3076923076923077 | 0.25
17 | CACM-3054 | 8.755179405212402 | 0.2857142857142857 | 0.25
17 | CACM-2904 | 8.3112154006958 | 0.26666666666666666 | 0.25
17 | CACM-3005 | 7.7505292892456055 | 0.25 | 0.25
17 | CACM-2929 | 7.638673782348633 | 0.23529411764705882 | 0.25
17 | CACM-1564 | 7.3165130615234375 | 0.2222222222222222 | 0.25
17 | CACM-1886 | 6.73697566986084 | 0.21052631578947367 | 0.25
17 | CACM-2464 | 6.722506046295166 | 0.2 | 0.25
17 | CACM-1523 | 6.721834659576416 | 0.19047619047619047 | 0.25
17 | CACM-1807 | 6.560274600982666 | 0.22727272727272727 | 0.3125
17 | CACM-3171 | 6.48254919052124 | 0.21739130434782608 | 0.3125
17 | CACM-1154 | 6.401678085327148 | 0.20833333333333334 | 0.3125
17 | CACM-1362 | 6.265061855316162 | 0.2 | 0.3125
17 | CACM-2835 | 6.1913347244262695 | 0.19230769230769232 | 0.3125
17 | CACM-2423 | 6.18544340133667 | 0.18518518518518517 | 0.3125
17 | CACM-0048 | 6.134451389312744 | 0.17857142857142858 | 0.3125
17 | CACM-2138 | 6.049294948577881 | 0.1724137931034483 | 0.3125
17 | CACM-2858 | 6.038125038146973 | 0.16666666666666666 | 0.3125
17 | CACM-0123 | 6.037690162658691 | 0.16129032258064516 | 0.3125
17 | CACM-1231 | 5.900723457336426 | 0.1875 | 0.375
17 | CACM-1389 | 5.876384735107422 | 0.18181818181818182 | 0.375
17 | CACM-1655 | 5.8679327964782715 | 0.17647058823529413 | 0.375
17 | CACM-2701 | 5.7894792556762695 | 0.17142857142857143 | 0.375
17 | CACM-2944 | 5.6304216384887695 | 0.16666666666666666 | 0.375
17 | CACM-1402 | 5.617459297180176 | 0.16216216216216217 | 0.375
17 | CACM-1652 | 5.615411758422852 | 0.15789473684210525 | 0.375
17 | CACM-2834 | 5.501573085784912 | 0.15384615384615385 | 0.375
17 | CACM-1756 | 5.486300468444824 | 0.15 | 0.375
17 | CACM-2616 | 5.390445232391357 | 0.14634146341463414 | 0.375
17 | CACM-3053 | 5.387889385223389 | 0.14285714285714285 | 0.375
17 | CACM-3115 | 5.3466410636901855 | 0.13953488372093023 | 0.375
17 | CACM-2117 | 5.3237786293029785 | 0.13636363636363635 | 0.375
17 | CACM-2344 | 5.285986423492432 | 0.13333333333333333 | 0.375
17 | CACM-2107 | 5.281163692474365 | 0.13043478260869565 | 0.375
17 | CACM-2611 | 5.208714962005615 | 0.1276595744680851 | 0.375
17 | CACM-2433 | 5.165388584136963 | 0.125 | 0.375
17 | CACM-1992 | 5.1571855545043945 | 0.12244897959183673 | 0.375
17 | CACM-2533 | 5.1571855545043945 | 0.12 | 0.375
17 | CACM-3066 | 5.141117572784424 | 0.11764705882352941 | 0.375
17 | CACM-2836 | 5.080327987670898 | 0.11538461538461539 | 0.375
17 | CACM-2527 | 5.070029258728027 | 0.11320754716981132 | 0.375
17 | CACM-0252 | 5.000669479370117 | 0.1111111111111111 | 0.375
17 | CACM-1542 | 4.950558662414551 | 0.10909090909090909 | 0.375
17 | CACM-1665 | 4.946747779846191 | 0.10714285714285714 | 0.375
17 | CACM-1066 | 4.824991226196289 | 0.10526315789473684 | 0.375
17 | CACM-0195 | 4.8178791999816895 | 0.10344827586206896 | 0.375
17 | CACM-0797 | 4.8178791999816895 | 0.1016949152542373 | 0.375
17 | CACM-2964 | 4.785323143005371 | 0.1 | 0.375
17 | CACM-1726 | 4.772548675537109 | 0.09836065573770492 | 0.375
17 | CACM-0031 | 4.769076347351074 | 0.0967741935483871 | 0.375
17 | CACM-1783 | 4.740423202514648 | 0.09523809523809523 | 0.375
17 | CACM-0230 | 4.721251964569092 | 0.09375 | 0.375
17 | CACM-1289 | 4.721251964569092 | 0.09230769230769231 | 0.375
17 | CACM-1064 | 4.67437744140625 | 0.09090909090909091 | 0.375
17 | CACM-2246 | 4.670289993286133 | 0.08955223880597014 | 0.375
17 | CACM-0066 | 4.628424644470215 | 0.08823529411764706 | 0.375
17 | CACM-1187 | 4.628424644470215 | 0.08695652173913043 | 0.375
17 | CACM-1387 | 4.620200157165527 | 0.08571428571428572 | 0.375
17 | CACM-1392 | 4.620200157165527 | 0.08450704225352113 | 0.375
17 | CACM-1670 | 4.602604866027832 | 0.08333333333333333 | 0.375
17 | CACM-1232 | 4.583366394042969 | 0.0821917808219178 | 0.375
17 | CACM-1414 | 4.583366394042969 | 0.08108108108108109 | 0.375
17 | CACM-2133 | 4.578561782836914 | 0.08 | 0.375
17 | CACM-2968 | 4.541677474975586 | 0.07894736842105263 | 0.375
17 | CACM-1275 | 4.539176940917969 | 0.07792207792207792 | 0.375
17 | CACM-1973 | 4.514340877532959 | 0.07692307692307693 | 0.375
17 | CACM-3173 | 4.514340877532959 | 0.0759493670886076 | 0.375
17 | CACM-2106 | 4.477944850921631 | 0.075 | 0.375
17 | CACM-1162 | 4.466296195983887 | 0.07407407407407407 | 0.375
17 | CACM-2680 | 4.4045939445495605 | 0.07317073170731707 | 0.375
17 | CACM-1852 | 4.390942573547363 | 0.07228915662650602 | 0.375
17 | CACM-2624 | 4.3708391189575195 | 0.07142857142857142 | 0.375
17 | CACM-2746 | 4.3708391189575195 | 0.07058823529411765 | 0.375
17 | CACM-1065 | 4.37062406539917 | 0.06976744186046512 | 0.375
17 | CACM-1786 | 4.347593307495117 | 0.06896551724137931 | 0.375
17 | CACM-0333 | 4.330423831939697 | 0.06818181818181818 | 0.375
17 | CACM-2586 | 4.330423831939697 | 0.07865168539325842 | 0.4375
17 | CACM-1029 | 4.293532371520996 | 0.07777777777777778 | 0.4375
17 | CACM-1062 | 4.293532371520996 | 0.07692307692307693 | 0.4375
17 | CACM-1204 | 4.290956497192383 | 0.07608695652173914 | 0.4375
17 | CACM-2290 | 4.282505035400391 | 0.08602150537634409 | 0.5
17 | CACM-2537 | 4.262843608856201 | 0.0851063829787234 | 0.5
17 | CACM-1167 | 4.2039570808410645 | 0.08421052631578947 | 0.5
17 | CACM-1331 | 4.192725658416748 | 0.08333333333333333 | 0.5
17 | CACM-0093 | 4.176755428314209 | 0.08247422680412371 | 0.5
17 | CACM-2411 | 4.1483845710754395 | 0.08163265306122448 | 0.5
17 | CACM-2552 | 4.140027046203613 | 0.08080808080808081 | 0.5
17 | CACM-2195 | 4.129932880401611 | 0.08 | 0.5
