queryId | docId | score | precision | recall
60 | CACM-2967 | 110.73157791364555 | 0.0 | 0.0
60 | CACM-3087 | 93.77760215134009 | 0.5 | 0.037037037037037035
60 | CACM-2882 | 84.06138205451697 | 0.6666666666666666 | 0.07407407407407407
60 | CACM-1844 | 80.58519530098093 | 0.5 | 0.07407407407407407
60 | CACM-2424 | 65.51035621382621 | 0.4 | 0.07407407407407407
60 | CACM-2876 | 65.34468133105023 | 0.3333333333333333 | 0.07407407407407407
60 | CACM-3011 | 59.684025786734814 | 0.2857142857142857 | 0.07407407407407407
60 | CACM-2957 | 58.57400529693096 | 0.375 | 0.1111111111111111
60 | CACM-0695 | 57.5840146377077 | 0.3333333333333333 | 0.1111111111111111
60 | CACM-2816 | 56.60343809020875 | 0.4 | 0.14814814814814814
60 | CACM-2716 | 56.375948080079525 | 0.45454545454545453 | 0.18518518518518517
60 | CACM-3092 | 52.345910111459325 | 0.4166666666666667 | 0.18518518518518517
60 | CACM-3142 | 50.9706067205551 | 0.38461538461538464 | 0.18518518518518517
60 | CACM-2198 | 50.800442223098486 | 0.42857142857142855 | 0.2222222222222222
60 | CACM-1366 | 48.325892220440984 | 0.4 | 0.2222222222222222
60 | CACM-2812 | 47.54183453176435 | 0.375 | 0.2222222222222222
60 | CACM-2151 | 47.07289985532385 | 0.35294117647058826 | 0.2222222222222222
60 | CACM-2311 | 46.920011219329446 | 0.3333333333333333 | 0.2222222222222222
60 | CACM-3025 | 46.90563009901308 | 0.3157894736842105 | 0.2222222222222222
60 | CACM-2002 | 45.32312158175128 | 0.3 | 0.2222222222222222
60 | CACM-2817 | 43.9383994752306 | 0.3333333333333333 | 0.25925925925925924
60 | CACM-2479 | 43.78667440226784 | 0.3181818181818182 | 0.25925925925925924
60 | CACM-1695 | 42.34704199727173 | 0.30434782608695654 | 0.25925925925925924
60 | CACM-1685 | 41.919034441569316 | 0.2916666666666667 | 0.25925925925925924
60 | CACM-1747 | 41.52319131007601 | 0.28 | 0.25925925925925924
60 | CACM-2625 | 41.426009007884446 | 0.2692307692307692 | 0.25925925925925924
60 | CACM-2928 | 41.30582820883447 | 0.25925925925925924 | 0.25925925925925924
60 | CACM-2951 | 41.26115540616237 | 0.25 | 0.25925925925925924
60 | CACM-1518 | 41.16626573271832 | 0.2413793103448276 | 0.25925925925925924
60 | CACM-2358 | 40.89402756804504 | 0.23333333333333334 | 0.25925925925925924
60 | CACM-3026 | 40.73257573893054 | 0.22580645161290322 | 0.25925925925925924
60 | CACM-2377 | 40.61116287529763 | 0.25 | 0.2962962962962963
60 | CACM-1959 | 39.58679713714478 | 0.24242424242424243 | 0.2962962962962963
60 | CACM-3136 | 39.56522545667023 | 0.23529411764705882 | 0.2962962962962963
60 | CACM-2516 | 39.490100510928265 | 0.2571428571428571 | 0.3333333333333333
60 | CACM-2988 | 38.849260199687485 | 0.25 | 0.3333333333333333
60 | CACM-1750 | 38.15156921454119 | 0.24324324324324326 | 0.3333333333333333
60 | CACM-2740 | 38.060822146520664 | 0.23684210526315788 | 0.3333333333333333
60 | CACM-1572 | 38.0219837632563 | 0.23076923076923078 | 0.3333333333333333
60 | CACM-3146 | 37.452367749891714 | 0.225 | 0.3333333333333333
60 | CACM-2710 | 37.41614488802734 | 0.24390243902439024 | 0.37037037037037035
60 | CACM-2852 | 37.10755986105355 | 0.23809523809523808 | 0.37037037037037035
60 | CACM-3049 | 35.8414897709146 | 0.23255813953488372 | 0.37037037037037035
60 | CACM-3150 | 35.7546963012608 | 0.22727272727272727 | 0.37037037037037035
60 | CACM-2319 | 35.651283428109814 | 0.2222222222222222 | 0.37037037037037035
60 | CACM-3030 | 35.20174199977628 | 0.21739130434782608 | 0.37037037037037035
60 | CACM-2890 | 34.837239953904636 | 0.2127659574468085 | 0.37037037037037035
60 | CACM-2188 | 34.75216647409924 | 0.20833333333333334 | 0.37037037037037035
60 | CACM-2345 | 34.2610841084304 | 0.20408163265306123 | 0.37037037037037035
60 | CACM-2375 | 34.22092620226254 | 0.2 | 0.37037037037037035
60 | CACM-2380 | 33.62221535224131 | 0.19607843137254902 | 0.37037037037037035
60 | CACM-2715 | 33.61505344330648 | 0.21153846153846154 | 0.4074074074074074
60 | CACM-2888 | 33.44386803807208 | 0.20754716981132076 | 0.4074074074074074
60 | CACM-2379 | 33.36572004686916 | 0.2037037037037037 | 0.4074074074074074
60 | CACM-2720 | 33.311413086741666 | 0.2 | 0.4074074074074074
60 | CACM-3070 | 32.85603516072686 | 0.19642857142857142 | 0.4074074074074074
60 | CACM-2138 | 32.69627073454192 | 0.19298245614035087 | 0.4074074074074074
60 | CACM-2314 | 32.50768550707479 | 0.1896551724137931 | 0.4074074074074074
60 | CACM-2985 | 32.474926894751015 | 0.1864406779661017 | 0.4074074074074074
60 | CACM-3164 | 32.30716747687556 | 0.18333333333333332 | 0.4074074074074074
60 | CACM-2372 | 31.81460544466295 | 0.18032786885245902 | 0.4074074074074074
60 | CACM-2542 | 31.612321445513544 | 0.1774193548387097 | 0.4074074074074074
60 | CACM-3059 | 31.069877947047473 | 0.1746031746031746 | 0.4074074074074074
60 | CACM-2515 | 30.93970151037827 | 0.171875 | 0.4074074074074074
60 | CACM-2106 | 30.656979719788342 | 0.16923076923076924 | 0.4074074074074074
60 | CACM-2277 | 30.514258589223324 | 0.16666666666666666 | 0.4074074074074074
60 | CACM-2359 | 30.360996820600093 | 0.16417910447761194 | 0.4074074074074074
60 | CACM-1752 | 29.760933309593007 | 0.16176470588235295 | 0.4074074074074074
60 | CACM-2163 | 29.58142205277548 | 0.15942028985507245 | 0.4074074074074074
60 | CACM-2738 | 29.469940943780273 | 0.15714285714285714 | 0.4074074074074074
60 | CACM-1827 | 29.3616185693714 | 0.15492957746478872 | 0.4074074074074074
60 | CACM-1754 | 29.32098704825535 | 0.1527777777777778 | 0.4074074074074074
60 | CACM-2949 | 28.858396035260373 | 0.1506849315068493 | 0.4074074074074074
60 | CACM-1409 | 28.703543237387542 | 0.14864864864864866 | 0.4074074074074074
60 | CACM-2356 | 28.627334381030703 | 0.14666666666666667 | 0.4074074074074074
60 | CACM-2718 | 28.495923660690675 | 0.15789473684210525 | 0.4444444444444444
60 | CACM-2976 | 28.439704788078277 | 0.16883116883116883 | 0.48148148148148145
60 | CACM-3077 | 28.313814216851007 | 0.16666666666666666 | 0.48148148148148145
60 | CACM-3112 | 27.93627795826046 | 0.16455696202531644 | 0.48148148148148145
60 | CACM-2959 | 27.89058926044911 | 0.175 | 0.5185185185185185
60 | CACM-2680 | 27.58742551007731 | 0.1728395061728395 | 0.5185185185185185
60 | CACM-2828 | 26.763486612304547 | 0.17073170731707318 | 0.5185185185185185
60 | CACM-0855 | 26.710781411918795 | 0.1686746987951807 | 0.5185185185185185
60 | CACM-1680 | 26.637030030490582 | 0.16666666666666666 | 0.5185185185185185
60 | CACM-2407 | 26.48889241594857 | 0.16470588235294117 | 0.5185185185185185
60 | CACM-2948 | 26.10141484376212 | 0.16279069767441862 | 0.5185185185185185
60 | CACM-2522 | 26.05710536580959 | 0.16091954022988506 | 0.5185185185185185
60 | CACM-2003 | 25.98507992963794 | 0.1590909090909091 | 0.5185185185185185
60 | CACM-3090 | 25.8285709658605 | 0.15730337078651685 | 0.5185185185185185
60 | CACM-3134 | 25.61213791275147 | 0.15555555555555556 | 0.5185185185185185
60 | CACM-2921 | 25.536630919627267 | 0.15384615384615385 | 0.5185185185185185
60 | CACM-2955 | 25.256337924919364 | 0.15217391304347827 | 0.5185185185185185
60 | CACM-2629 | 25.242812600789563 | 0.15053763440860216 | 0.5185185185185185
60 | CACM-3089 | 25.089802205637305 | 0.14893617021276595 | 0.5185185185185185
60 | CACM-1989 | 25.005971223827625 | 0.14736842105263157 | 0.5185185185185185
60 | CACM-0616 | 24.70948160812325 | 0.14583333333333334 | 0.5185185185185185
60 | CACM-1748 | 24.695544642111003 | 0.14432989690721648 | 0.5185185185185185
60 | CACM-1951 | 24.695544642111003 | 0.14285714285714285 | 0.5185185185185185
60 | CACM-1829 | 24.46078833304422 | 0.1414141414141414 | 0.5185185185185185
60 | CACM-3076 | 24.370320625943407 | 0.14 | 0.5185185185185185
