queryId | docId | score | precision | recall
20 | CACM-2289 | 39.753048568491714 | 0.0 | 0.0
20 | CACM-2177 | 33.35756848670728 | 0.0 | 0.0
20 | CACM-2695 | 30.818605528818487 | 0.3333333333333333 | 0.3333333333333333
20 | CACM-1847 | 29.603297935146827 | 0.25 | 0.3333333333333333
20 | CACM-2986 | 29.490227029727752 | 0.4 | 0.6666666666666666
20 | CACM-3152 | 27.579863327295953 | 0.3333333333333333 | 0.6666666666666666
20 | CACM-3115 | 27.025144923351032 | 0.2857142857142857 | 0.6666666666666666
20 | CACM-2368 | 26.033819488376746 | 0.25 | 0.6666666666666666
20 | CACM-2490 | 24.76941494486589 | 0.2222222222222222 | 0.6666666666666666
20 | CACM-2484 | 23.739854978949577 | 0.2 | 0.6666666666666666
20 | CACM-3139 | 23.141041089250233 | 0.18181818181818182 | 0.6666666666666666
20 | CACM-1961 | 21.680735047116947 | 0.16666666666666666 | 0.6666666666666666
20 | CACM-2630 | 21.238879577067923 | 0.15384615384615385 | 0.6666666666666666
20 | CACM-2884 | 19.711796770822477 | 0.14285714285714285 | 0.6666666666666666
20 | CACM-2081 | 19.602095559679594 | 0.13333333333333333 | 0.6666666666666666
20 | CACM-2554 | 19.406194061057164 | 0.125 | 0.6666666666666666
20 | CACM-2263 | 19.319993773577618 | 0.11764705882352941 | 0.6666666666666666
20 | CACM-2692 | 19.319993773577618 | 0.1111111111111111 | 0.6666666666666666
20 | CACM-1924 | 18.96117686825513 | 0.10526315789473684 | 0.6666666666666666
20 | CACM-2273 | 18.518997267094665 | 0.1 | 0.6666666666666666
20 | CACM-2902 | 17.848578337612278 | 0.09523809523809523 | 0.6666666666666666
20 | CACM-2950 | 17.848578337612278 | 0.09090909090909091 | 0.6666666666666666
20 | CACM-3018 | 17.48460902550747 | 0.08695652173913043 | 0.6666666666666666
20 | CACM-3176 | 17.355276319474022 | 0.08333333333333333 | 0.6666666666666666
20 | CACM-2805 | 16.905218659175507 | 0.08 | 0.6666666666666666
20 | CACM-2178 | 16.67878424335364 | 0.07692307692307693 | 0.6666666666666666
20 | CACM-2627 | 16.623116873073535 | 0.07407407407407407 | 0.6666666666666666
20 | CACM-2883 | 16.24803816713667 | 0.07142857142857142 | 0.6666666666666666
20 | CACM-3166 | 16.181261403024507 | 0.06896551724137931 | 0.6666666666666666
20 | CACM-1047 | 16.071560191881623 | 0.06666666666666667 | 0.6666666666666666
20 | CACM-2134 | 16.071560191881623 | 0.06451612903225806 | 0.6666666666666666
20 | CACM-2767 | 15.985359904402078 | 0.0625 | 0.6666666666666666
20 | CACM-2903 | 15.985359904402078 | 0.06060606060606061 | 0.6666666666666666
20 | CACM-3094 | 15.430317369345723 | 0.058823529411764705 | 0.6666666666666666
20 | CACM-2619 | 15.218478201220357 | 0.05714285714285714 | 0.6666666666666666
20 | CACM-2146 | 15.151701437108194 | 0.05555555555555555 | 0.6666666666666666
20 | CACM-2283 | 15.151701437108194 | 0.05405405405405406 | 0.6666666666666666
20 | CACM-2674 | 14.955799938485764 | 0.05263157894736842 | 0.6666666666666666
20 | CACM-2819 | 14.955799938485764 | 0.05128205128205128 | 0.6666666666666666
20 | CACM-2780 | 14.82388733260036 | 0.05 | 0.6666666666666666
20 | CACM-1707 | 14.763060162616345 | 0.04878048780487805 | 0.6666666666666666
20 | CACM-2052 | 14.38481973392647 | 0.047619047619047616 | 0.6666666666666666
20 | CACM-2769 | 14.111621293182472 | 0.046511627906976744 | 0.6666666666666666
20 | CACM-2189 | 13.9540736577095 | 0.045454545454545456 | 0.6666666666666666
20 | CACM-3156 | 13.9540736577095 | 0.044444444444444446 | 0.6666666666666666
20 | CACM-2697 | 13.929401695322458 | 0.043478260869565216 | 0.6666666666666666
20 | CACM-2905 | 13.876452584476496 | 0.0425531914893617 | 0.6666666666666666
20 | CACM-1886 | 13.763000434757952 | 0.041666666666666664 | 0.6666666666666666
20 | CACM-3124 | 13.523327581492534 | 0.04081632653061224 | 0.6666666666666666
20 | CACM-3006 | 13.484384502520424 | 0.04 | 0.6666666666666666
20 | CACM-1856 | 13.338535476702159 | 0.0392156862745098 | 0.6666666666666666
20 | CACM-2863 | 13.288483003897994 | 0.038461538461538464 | 0.6666666666666666
20 | CACM-2568 | 12.924513691793187 | 0.03773584905660377 | 0.6666666666666666
20 | CACM-2598 | 12.896680006653135 | 0.037037037037037035 | 0.6666666666666666
20 | CACM-2453 | 12.733440468841637 | 0.03636363636363636 | 0.6666666666666666
20 | CACM-2015 | 12.717502799338702 | 0.03571428571428571 | 0.6666666666666666
20 | CACM-2059 | 12.717502799338702 | 0.03508771929824561 | 0.6666666666666666
20 | CACM-2980 | 12.717502799338702 | 0.034482758620689655 | 0.6666666666666666
20 | CACM-2226 | 12.454824536604109 | 0.03389830508474576 | 0.6666666666666666
20 | CACM-3085 | 12.26208476073469 | 0.03333333333333333 | 0.6666666666666666
20 | CACM-2828 | 12.258923037981678 | 0.03278688524590164 | 0.6666666666666666
20 | CACM-2142 | 12.095683500170182 | 0.03225806451612903 | 0.6666666666666666
20 | CACM-2216 | 12.095683500170182 | 0.031746031746031744 | 0.6666666666666666
20 | CACM-2402 | 12.063021539359248 | 0.03125 | 0.6666666666666666
20 | CACM-1423 | 11.983144697385724 | 0.03076923076923077 | 0.6666666666666666
20 | CACM-1727 | 11.939049211631298 | 0.030303030303030304 | 0.6666666666666666
20 | CACM-2290 | 11.883844332044816 | 0.029850746268656716 | 0.6666666666666666
20 | CACM-0321 | 11.86712004073682 | 0.029411764705882353 | 0.6666666666666666
20 | CACM-1457 | 11.817656783755302 | 0.028985507246376812 | 0.6666666666666666
20 | CACM-1504 | 11.453098255827847 | 0.02857142857142857 | 0.6666666666666666
20 | CACM-1876 | 11.428426293440804 | 0.028169014084507043 | 0.6666666666666666
20 | CACM-1963 | 11.428426293440804 | 0.027777777777777776 | 0.6666666666666666
20 | CACM-2483 | 11.425264570687794 | 0.0273972602739726 | 0.6666666666666666
20 | CACM-2936 | 11.425264570687794 | 0.02702702702702703 | 0.6666666666666666
20 | CACM-2701 | 11.257196757205417 | 0.02666666666666667 | 0.6666666666666666
20 | CACM-2167 | 11.229363072065365 | 0.02631578947368421 | 0.6666666666666666
20 | CACM-2314 | 11.066123534253869 | 0.025974025974025976 | 0.6666666666666666
20 | CACM-2199 | 11.014411901453427 | 0.02564102564102564 | 0.6666666666666666
20 | CACM-2506 | 11.014411901453427 | 0.02531645569620253 | 0.6666666666666666
20 | CACM-2787 | 10.953584731469409 | 0.025 | 0.6666666666666666
20 | CACM-0185 | 10.87022203563144 | 0.024691358024691357 | 0.6666666666666666
20 | CACM-3077 | 10.87022203563144 | 0.024390243902439025 | 0.6666666666666666
20 | CACM-3040 | 10.826450680988447 | 0.024096385542168676 | 0.6666666666666666
20 | CACM-1658 | 10.787507602016339 | 0.023809523809523808 | 0.6666666666666666
20 | CACM-2325 | 10.787507602016339 | 0.023529411764705882 | 0.6666666666666666
20 | CACM-2877 | 10.619439788533962 | 0.023255813953488372 | 0.6666666666666666
20 | CACM-1392 | 10.591606103393907 | 0.022988505747126436 | 0.6666666666666666
20 | CACM-2722 | 10.591606103393907 | 0.022727272727272728 | 0.6666666666666666
20 | CACM-2499 | 10.395704604771478 | 0.02247191011235955 | 0.6666666666666666
20 | CACM-2645 | 10.395704604771478 | 0.022222222222222223 | 0.6666666666666666
20 | CACM-1787 | 10.315827762797953 | 0.02197802197802198 | 0.6666666666666666
20 | CACM-1116 | 10.119926264175524 | 0.021739130434782608 | 0.6666666666666666
20 | CACM-2806 | 10.119926264175524 | 0.021505376344086023 | 0.6666666666666666
20 | CACM-2931 | 10.003901607526618 | 0.02127659574468085 | 0.6666666666666666
20 | CACM-1877 | 9.757947636100024 | 0.021052631578947368 | 0.6666666666666666
20 | CACM-3132 | 9.757947636100024 | 0.020833333333333332 | 0.6666666666666666
20 | CACM-3163 | 9.757947636100024 | 0.020618556701030927 | 0.6666666666666666
20 | CACM-2035 | 9.562046137477594 | 0.02040816326530612 | 0.6666666666666666
20 | CACM-2053 | 9.562046137477594 | 0.020202020202020204 | 0.6666666666666666
20 | CACM-2324 | 9.562046137477594 | 0.02 | 0.6666666666666666
