queryId | docId | score | precision | recall
13 | CACM-2897 | 45.38150610669763 | 1.0 | 0.09090909090909091
13 | CACM-0048 | 34.27764409046877 | 0.5 | 0.09090909090909091
13 | CACM-1362 | 34.27764409046877 | 0.3333333333333333 | 0.09090909090909091
13 | CACM-2491 | 27.533906678363135 | 0.25 | 0.09090909090909091
13 | CACM-1652 | 23.99435086332814 | 0.2 | 0.09090909090909091
13 | CACM-1947 | 22.095018159355455 | 0.3333333333333333 | 0.18181818181818182
13 | CACM-3080 | 21.797439637913605 | 0.2857142857142857 | 0.18181818181818182
13 | CACM-2033 | 21.721614994219692 | 0.25 | 0.18181818181818182
13 | CACM-2711 | 21.23733489020996 | 0.2222222222222222 | 0.18181818181818182
13 | CACM-2748 | 20.67837786026938 | 0.2 | 0.18181818181818182
13 | CACM-2344 | 19.190244017954953 | 0.18181818181818182 | 0.18181818181818182
13 | CACM-2645 | 18.908479335199292 | 0.16666666666666666 | 0.18181818181818182
13 | CACM-2680 | 18.294765052286962 | 0.15384615384615385 | 0.18181818181818182
13 | CACM-1886 | 17.90303789777148 | 0.14285714285714285 | 0.18181818181818182
13 | CACM-1655 | 17.138822045234384 | 0.13333333333333333 | 0.18181818181818182
13 | CACM-2835 | 15.352195214363961 | 0.125 | 0.18181818181818182
13 | CACM-2929 | 14.94191081981985 | 0.11764705882352941 | 0.18181818181818182
13 | CACM-2537 | 14.755209237251968 | 0.1111111111111111 | 0.18181818181818182
13 | CACM-2253 | 14.531626425275736 | 0.10526315789473684 | 0.18181818181818182
13 | CACM-3054 | 14.531626425275736 | 0.1 | 0.18181818181818182
13 | CACM-2559 | 14.288571906156722 | 0.09523809523809523 | 0.18181818181818182
13 | CACM-1641 | 14.158223260139975 | 0.09090909090909091 | 0.18181818181818182
13 | CACM-3129 | 14.158223260139975 | 0.08695652173913043 | 0.18181818181818182
13 | CACM-1651 | 14.06498909418049 | 0.08333333333333333 | 0.18181818181818182
13 | CACM-1066 | 13.711057636187508 | 0.08 | 0.18181818181818182
13 | CACM-2834 | 13.711057636187508 | 0.07692307692307693 | 0.18181818181818182
13 | CACM-3066 | 13.711057636187508 | 0.07407407407407407 | 0.18181818181818182
13 | CACM-1676 | 11.514146410772971 | 0.07142857142857142 | 0.18181818181818182
13 | CACM-2464 | 11.514146410772971 | 0.06896551724137931 | 0.18181818181818182
13 | CACM-2569 | 11.345087601119577 | 0.06666666666666667 | 0.18181818181818182
13 | CACM-2892 | 11.345087601119577 | 0.06451612903225806 | 0.18181818181818182
13 | CACM-2716 | 11.215653422216974 | 0.0625 | 0.18181818181818182
13 | CACM-1807 | 11.103862016228858 | 0.09090909090909091 | 0.2727272727272727
13 | CACM-2904 | 11.103862016228858 | 0.08823529411764706 | 0.2727272727272727
13 | CACM-2944 | 11.047509079677727 | 0.08571428571428572 | 0.2727272727272727
13 | CACM-1195 | 10.917160433660978 | 0.08333333333333333 | 0.2727272727272727
13 | CACM-1223 | 10.693577621684744 | 0.10810810810810811 | 0.36363636363636365
13 | CACM-1564 | 10.693577621684744 | 0.10526315789473684 | 0.36363636363636365
13 | CACM-1795 | 10.693577621684744 | 0.1282051282051282 | 0.45454545454545453
13 | CACM-2423 | 10.693577621684744 | 0.125 | 0.45454545454545453
13 | CACM-2495 | 10.693577621684744 | 0.14634146341463414 | 0.5454545454545454
13 | CACM-2701 | 10.693577621684744 | 0.14285714285714285 | 0.5454545454545454
13 | CACM-2078 | 10.61866744510498 | 0.13953488372093023 | 0.5454545454545454
13 | CACM-2359 | 10.61866744510498 | 0.13636363636363635 | 0.5454545454545454
13 | CACM-2389 | 10.61866744510498 | 0.13333333333333333 | 0.5454545454545454
13 | CACM-2745 | 10.61866744510498 | 0.13043478260869565 | 0.5454545454545454
13 | CACM-2816 | 10.61866744510498 | 0.1276595744680851 | 0.5454545454545454
13 | CACM-3134 | 10.61866744510498 | 0.125 | 0.5454545454545454
13 | CACM-3005 | 10.395084633128748 | 0.12244897959183673 | 0.5454545454545454
13 | CACM-1756 | 10.283293227140632 | 0.12 | 0.5454545454545454
13 | CACM-2107 | 10.283293227140632 | 0.11764705882352941 | 0.5454545454545454
13 | CACM-1231 | 7.676097607181981 | 0.1346153846153846 | 0.6363636363636364
13 | CACM-2195 | 7.676097607181981 | 0.1320754716981132 | 0.6363636363636364
13 | CACM-2616 | 7.676097607181981 | 0.12962962962962962 | 0.6363636363636364
13 | CACM-2812 | 7.676097607181981 | 0.12727272727272726 | 0.6363636363636364
13 | CACM-2836 | 7.676097607181981 | 0.125 | 0.6363636363636364
13 | CACM-3018 | 7.676097607181981 | 0.12280701754385964 | 0.6363636363636364
13 | CACM-3125 | 7.676097607181981 | 0.1206896551724138 | 0.6363636363636364
13 | CACM-1350 | 7.563391734079717 | 0.11864406779661017 | 0.6363636363636364
13 | CACM-1465 | 7.563391734079717 | 0.11666666666666667 | 0.6363636363636364
13 | CACM-1708 | 7.563391734079717 | 0.11475409836065574 | 0.6363636363636364
13 | CACM-2499 | 7.563391734079717 | 0.11290322580645161 | 0.6363636363636364
13 | CACM-2911 | 7.563391734079717 | 0.1111111111111111 | 0.6363636363636364
13 | CACM-2950 | 7.563391734079717 | 0.109375 | 0.6363636363636364
13 | CACM-3064 | 7.563391734079717 | 0.1076923076923077 | 0.6363636363636364
13 | CACM-3154 | 7.563391734079717 | 0.10606060606060606 | 0.6363636363636364
13 | CACM-2722 | 7.377604618625984 | 0.1044776119402985 | 0.6363636363636364
13 | CACM-1901 | 7.321251682074852 | 0.10294117647058823 | 0.6363636363636364
13 | CACM-2374 | 7.321251682074852 | 0.10144927536231885 | 0.6363636363636364
13 | CACM-2524 | 7.321251682074852 | 0.1 | 0.6363636363636364
13 | CACM-2734 | 7.321251682074852 | 0.09859154929577464 | 0.6363636363636364
13 | CACM-2856 | 7.321251682074852 | 0.09722222222222222 | 0.6363636363636364
13 | CACM-2433 | 7.265813212637868 | 0.0958904109589041 | 0.6363636363636364
13 | CACM-2858 | 7.265813212637868 | 0.0945945945945946 | 0.6363636363636364
13 | CACM-1234 | 7.209460276086736 | 0.09333333333333334 | 0.6363636363636364
13 | CACM-3083 | 7.209460276086736 | 0.09210526315789473 | 0.6363636363636364
13 | CACM-0824 | 7.0791116300699874 | 0.09090909090909091 | 0.6363636363636364
13 | CACM-0867 | 7.0791116300699874 | 0.08974358974358974 | 0.6363636363636364
13 | CACM-1369 | 7.0791116300699874 | 0.08860759493670886 | 0.6363636363636364
13 | CACM-1552 | 7.0791116300699874 | 0.0875 | 0.6363636363636364
13 | CACM-2230 | 7.0791116300699874 | 0.08641975308641975 | 0.6363636363636364
13 | CACM-2249 | 7.0791116300699874 | 0.08536585365853659 | 0.6363636363636364
13 | CACM-2437 | 7.0791116300699874 | 0.08433734939759036 | 0.6363636363636364
13 | CACM-2498 | 7.0791116300699874 | 0.08333333333333333 | 0.6363636363636364
13 | CACM-2753 | 7.0791116300699874 | 0.08235294117647059 | 0.6363636363636364
13 | CACM-2863 | 7.0791116300699874 | 0.08139534883720931 | 0.6363636363636364
13 | CACM-2902 | 7.0791116300699874 | 0.08045977011494253 | 0.6363636363636364
13 | CACM-3033 | 7.0791116300699874 | 0.07954545454545454 | 0.6363636363636364
13 | CACM-3074 | 7.0791116300699874 | 0.07865168539325842 | 0.6363636363636364
13 | CACM-3112 | 7.0791116300699874 | 0.07777777777777778 | 0.6363636363636364
13 | CACM-1235 | 6.96732022408187 | 0.07692307692307693 | 0.6363636363636364
13 | CACM-1542 | 6.96732022408187 | 0.07608695652173914 | 0.6363636363636364
13 | CACM-3171 | 6.96732022408187 | 0.07526881720430108 | 0.6363636363636364
13 | CACM-1290 | 6.855528818093754 | 0.07446808510638298 | 0.6363636363636364
13 | CACM-1331 | 6.855528818093754 | 0.07368421052631578 | 0.6363636363636364
13 | CACM-1523 | 6.855528818093754 | 0.07291666666666667 | 0.6363636363636364
13 | CACM-1670 | 6.855528818093754 | 0.07216494845360824 | 0.6363636363636364
13 | CACM-1757 | 6.855528818093754 | 0.07142857142857142 | 0.6363636363636364
13 | CACM-1786 | 6.855528818093754 | 0.0707070707070707 | 0.6363636363636364
13 | CACM-1824 | 6.855528818093754 | 0.07 | 0.6363636363636364
