queryId | docId | score | precision | recall
21 | CACM-1659 | 31.044490456029774 | 0.0 | 0.0
21 | CACM-3086 | 26.551551565723233 | 0.0 | 0.0
21 | CACM-2950 | 25.878899352494138 | 0.0 | 0.0
21 | CACM-2645 | 25.725063946467408 | 0.0 | 0.0
21 | CACM-2927 | 24.875094912269724 | 0.0 | 0.0
21 | CACM-2289 | 22.878415199281427 | 0.0 | 0.0
21 | CACM-2997 | 22.66242437303703 | 0.0 | 0.0
21 | CACM-2828 | 22.26001380982766 | 0.0 | 0.0
21 | CACM-2702 | 21.88380286167847 | 0.1111111111111111 | 0.09090909090909091
21 | CACM-2325 | 20.636173570769316 | 0.1 | 0.09090909090909091
21 | CACM-3166 | 20.595384263875708 | 0.09090909090909091 | 0.09090909090909091
21 | CACM-2884 | 20.30096911378854 | 0.08333333333333333 | 0.09090909090909091
21 | CACM-2932 | 20.16655690133135 | 0.15384615384615385 | 0.18181818181818182
21 | CACM-2337 | 19.548547217490146 | 0.14285714285714285 | 0.18181818181818182
21 | CACM-3131 | 18.63612238356177 | 0.13333333333333333 | 0.18181818181818182
21 | CACM-2903 | 18.609922768501598 | 0.125 | 0.18181818181818182
21 | CACM-2033 | 18.525883671172032 | 0.11764705882352941 | 0.18181818181818182
21 | CACM-3163 | 18.248301512185833 | 0.1111111111111111 | 0.18181818181818182
21 | CACM-2499 | 17.22563796586772 | 0.10526315789473684 | 0.18181818181818182
21 | CACM-2263 | 17.041461528170284 | 0.1 | 0.18181818181818182
21 | CACM-2902 | 16.89267680815448 | 0.09523809523809523 | 0.18181818181818182
21 | CACM-2936 | 16.825470701925887 | 0.09090909090909091 | 0.18181818181818182
21 | CACM-3018 | 16.665250580021088 | 0.13043478260869565 | 0.2727272727272727
21 | CACM-1658 | 16.624461273127483 | 0.125 | 0.2727272727272727
21 | CACM-2283 | 16.33004612304031 | 0.12 | 0.2727272727272727
21 | CACM-3006 | 16.33004612304031 | 0.11538461538461539 | 0.2727272727272727
21 | CACM-2216 | 16.329838954286334 | 0.1111111111111111 | 0.2727272727272727
21 | CACM-1924 | 15.61863071791034 | 0.10714285714285714 | 0.2727272727272727
21 | CACM-2146 | 15.61863071791034 | 0.10344827586206896 | 0.2727272727272727
21 | CACM-2692 | 15.61863071791034 | 0.1 | 0.2727272727272727
21 | CACM-2837 | 15.134424356638947 | 0.0967741935483871 | 0.2727272727272727
21 | CACM-2931 | 14.907562215981411 | 0.09375 | 0.2727272727272727
21 | CACM-2273 | 14.907215312780368 | 0.09090909090909091 | 0.2727272727272727
21 | CACM-2767 | 14.907215312780368 | 0.08823529411764706 | 0.2727272727272727
21 | CACM-2892 | 14.902164626769437 | 0.08571428571428572 | 0.2727272727272727
21 | CACM-2035 | 14.866772909087803 | 0.08333333333333333 | 0.2727272727272727
21 | CACM-2679 | 14.717988189071999 | 0.08108108108108109 | 0.2727272727272727
21 | CACM-2226 | 14.490215057737567 | 0.07894736842105263 | 0.2727272727272727
21 | CACM-1366 | 14.37393853267081 | 0.07692307692307693 | 0.2727272727272727
21 | CACM-2454 | 14.22199952271057 | 0.075 | 0.2727272727272727
21 | CACM-1350 | 13.817345660233663 | 0.07317073170731707 | 0.2727272727272727
21 | CACM-2627 | 13.633169222536228 | 0.07142857142857142 | 0.2727272727272727
21 | CACM-1309 | 13.551373424474205 | 0.06976744186046512 | 0.2727272727272727
21 | CACM-2092 | 13.513738407525034 | 0.06818181818181818 | 0.2727272727272727
21 | CACM-2110 | 13.256958274387031 | 0.06666666666666667 | 0.2727272727272727
21 | CACM-0409 | 13.219323257437864 | 0.06521739130434782 | 0.2727272727272727
21 | CACM-2819 | 12.921753817406255 | 0.06382978723404255 | 0.2727272727272727
21 | CACM-2569 | 12.76791841137952 | 0.0625 | 0.2727272727272727
21 | CACM-2002 | 12.548697159201497 | 0.061224489795918366 | 0.2727272727272727
21 | CACM-3064 | 12.543299569989522 | 0.06 | 0.2727272727272727
21 | CACM-3055 | 12.251127719169887 | 0.058823529411764705 | 0.2727272727272727
21 | CACM-2674 | 12.210338412276283 | 0.057692307692307696 | 0.2727272727272727
21 | CACM-2863 | 12.210338412276283 | 0.05660377358490566 | 0.2727272727272727
21 | CACM-1886 | 12.021111288567916 | 0.05555555555555555 | 0.2727272727272727
21 | CACM-2986 | 11.834127464127087 | 0.05454545454545454 | 0.2727272727272727
21 | CACM-2968 | 11.796492447177918 | 0.05357142857142857 | 0.2727272727272727
21 | CACM-3070 | 11.752895753540919 | 0.05263157894736842 | 0.2727272727272727
21 | CACM-2703 | 11.726132051004889 | 0.06896551724137931 | 0.36363636363636365
21 | CACM-0796 | 11.607265323469552 | 0.06779661016949153 | 0.36363636363636365
21 | CACM-2882 | 11.580501620933521 | 0.06666666666666667 | 0.36363636363636365
21 | CACM-2938 | 11.580501620933521 | 0.06557377049180328 | 0.36363636363636365
21 | CACM-3032 | 11.539712314039916 | 0.06451612903225806 | 0.36363636363636365
21 | CACM-1465 | 11.120468759729578 | 0.06349206349206349 | 0.36363636363636365
21 | CACM-2911 | 11.120468759729578 | 0.0625 | 0.36363636363636365
21 | CACM-3154 | 11.120468759729578 | 0.06153846153846154 | 0.36363636363636365
21 | CACM-1392 | 10.936292322032141 | 0.06060606060606061 | 0.36363636363636365
21 | CACM-2490 | 10.936292322032141 | 0.07462686567164178 | 0.45454545454545453
21 | CACM-2722 | 10.936292322032141 | 0.07352941176470588 | 0.45454545454545453
21 | CACM-1491 | 10.936085153278164 | 0.07246376811594203 | 0.45454545454545453
21 | CACM-2734 | 10.895849918339579 | 0.07142857142857142 | 0.45454545454545453
21 | CACM-2979 | 10.671231076949582 | 0.07042253521126761 | 0.45454545454545453
21 | CACM-2953 | 10.519292066989342 | 0.06944444444444445 | 0.45454545454545453
21 | CACM-1719 | 10.41445094381158 | 0.0684931506849315 | 0.45454545454545453
21 | CACM-3150 | 10.265666223795776 | 0.06756756756756757 | 0.45454545454545453
21 | CACM-2457 | 10.251076531962346 | 0.06666666666666667 | 0.45454545454545453
21 | CACM-2483 | 10.22487691690217 | 0.06578947368421052 | 0.45454545454545453
21 | CACM-1947 | 9.697637949469634 | 0.06493506493506493 | 0.45454545454545453
21 | CACM-1752 | 9.662246231788004 | 0.0641025641025641 | 0.45454545454545453
21 | CACM-2389 | 9.662246231788004 | 0.06329113924050633 | 0.45454545454545453
21 | CACM-2484 | 9.662246231788004 | 0.0625 | 0.45454545454545453
21 | CACM-1650 | 9.539661126832375 | 0.06172839506172839 | 0.45454545454545453
21 | CACM-1877 | 9.513461511772197 | 0.06097560975609756 | 0.45454545454545453
21 | CACM-1572 | 9.324234388063832 | 0.060240963855421686 | 0.45454545454545453
21 | CACM-1957 | 9.324234388063832 | 0.05952380952380952 | 0.45454545454545453
21 | CACM-2628 | 9.245245976745203 | 0.058823529411764705 | 0.45454545454545453
21 | CACM-2251 | 9.216238974941632 | 0.05813953488372093 | 0.45454545454545453
21 | CACM-2746 | 9.137250563623002 | 0.05747126436781609 | 0.45454545454545453
21 | CACM-3151 | 9.096461256729398 | 0.056818181818181816 | 0.45454545454545453
21 | CACM-1769 | 8.991620133551635 | 0.056179775280898875 | 0.45454545454545453
21 | CACM-2127 | 8.991620133551635 | 0.05555555555555555 | 0.45454545454545453
21 | CACM-2765 | 8.991620133551635 | 0.054945054945054944 | 0.45454545454545453
21 | CACM-2030 | 8.95083082665803 | 0.05434782608695652 | 0.45454545454545453
21 | CACM-2142 | 8.95083082665803 | 0.053763440860215055 | 0.45454545454545453
21 | CACM-2167 | 8.95083082665803 | 0.05319148936170213 | 0.45454545454545453
21 | CACM-2276 | 8.95083082665803 | 0.05263157894736842 | 0.45454545454545453
21 | CACM-2646 | 8.95083082665803 | 0.052083333333333336 | 0.45454545454545453
21 | CACM-2860 | 8.95083082665803 | 0.05154639175257732 | 0.45454545454545453
21 | CACM-2924 | 8.95083082665803 | 0.05102040816326531 | 0.45454545454545453
21 | CACM-3094 | 8.95083082665803 | 0.050505050505050504 | 0.45454545454545453
21 | CACM-3153 | 8.95083082665803 | 0.05 | 0.45454545454545453
