queryId | docId | score | precision | recall
17 | CACM-2897 | 45.38150610669763 | 0.0 | 0.0
17 | CACM-0048 | 34.27764409046877 | 0.0 | 0.0
17 | CACM-1362 | 34.27764409046877 | 0.0 | 0.0
17 | CACM-2491 | 30.15779630614717 | 0.0 | 0.0
17 | CACM-1652 | 23.99435086332814 | 0.0 | 0.0
17 | CACM-3080 | 21.797439637913605 | 0.0 | 0.0
17 | CACM-2748 | 20.220544766643897 | 0.0 | 0.0
17 | CACM-2344 | 19.190244017954953 | 0.0 | 0.0
17 | CACM-3005 | 19.18241970373181 | 0.0 | 0.0
17 | CACM-1223 | 19.074866929042727 | 0.1 | 0.0625
17 | CACM-1665 | 18.836378016094443 | 0.09090909090909091 | 0.0625
17 | CACM-2106 | 18.490336328457083 | 0.08333333333333333 | 0.0625
17 | CACM-2527 | 18.490336328457083 | 0.07692307692307693 | 0.0625
17 | CACM-1676 | 17.677591853592 | 0.07142857142857142 | 0.0625
17 | CACM-1947 | 17.61334914668525 | 0.13333333333333333 | 0.125
17 | CACM-2253 | 17.61334914668525 | 0.125 | 0.125
17 | CACM-1655 | 17.138822045234384 | 0.11764705882352941 | 0.125
17 | CACM-1134 | 16.762578614715963 | 0.16666666666666666 | 0.1875
17 | CACM-2835 | 15.352195214363961 | 0.15789473684210525 | 0.1875
17 | CACM-1658 | 15.301060832358486 | 0.15 | 0.1875
17 | CACM-2929 | 14.94191081981985 | 0.14285714285714285 | 0.1875
17 | CACM-3054 | 14.531626425275736 | 0.13636363636363635 | 0.1875
17 | CACM-1886 | 14.121342030731622 | 0.13043478260869565 | 0.1875
17 | CACM-1066 | 13.711057636187508 | 0.125 | 0.1875
17 | CACM-2834 | 13.711057636187508 | 0.12 | 0.1875
17 | CACM-3066 | 13.711057636187508 | 0.11538461538461539 | 0.1875
17 | CACM-1162 | 12.326890885638054 | 0.1111111111111111 | 0.1875
17 | CACM-2624 | 12.326890885638054 | 0.10714285714285714 | 0.1875
17 | CACM-2746 | 12.326890885638054 | 0.10344827586206896 | 0.1875
17 | CACM-2979 | 12.326890885638054 | 0.1 | 0.1875
17 | CACM-2464 | 11.514146410772971 | 0.0967741935483871 | 0.1875
17 | CACM-1807 | 11.103862016228858 | 0.125 | 0.25
17 | CACM-2904 | 11.103862016228858 | 0.12121212121212122 | 0.25
17 | CACM-1564 | 10.693577621684744 | 0.11764705882352941 | 0.25
17 | CACM-1795 | 10.693577621684744 | 0.11428571428571428 | 0.25
17 | CACM-2423 | 10.693577621684744 | 0.1111111111111111 | 0.25
17 | CACM-2495 | 10.693577621684744 | 0.13513513513513514 | 0.3125
17 | CACM-2701 | 10.693577621684744 | 0.13157894736842105 | 0.3125
17 | CACM-3115 | 10.599133171896938 | 0.1282051282051282 | 0.3125
17 | CACM-1651 | 10.283293227140632 | 0.125 | 0.3125
17 | CACM-1756 | 10.283293227140632 | 0.12195121951219512 | 0.3125
17 | CACM-2107 | 10.283293227140632 | 0.11904761904761904 | 0.3125
17 | CACM-1523 | 9.937251539503269 | 0.11627906976744186 | 0.3125
17 | CACM-2233 | 9.937251539503269 | 0.11363636363636363 | 0.3125
17 | CACM-2138 | 9.591209851865905 | 0.1111111111111111 | 0.3125
17 | CACM-1265 | 9.245168164228541 | 0.10869565217391304 | 0.3125
17 | CACM-1425 | 9.245168164228541 | 0.10638297872340426 | 0.3125
17 | CACM-1852 | 9.245168164228541 | 0.10416666666666667 | 0.3125
17 | CACM-1908 | 9.245168164228541 | 0.10204081632653061 | 0.3125
17 | CACM-1915 | 9.245168164228541 | 0.1 | 0.3125
17 | CACM-2035 | 9.245168164228541 | 0.09803921568627451 | 0.3125
17 | CACM-2379 | 9.245168164228541 | 0.09615384615384616 | 0.3125
17 | CACM-2919 | 9.245168164228541 | 0.09433962264150944 | 0.3125
17 | CACM-2931 | 9.245168164228541 | 0.09259259259259259 | 0.3125
17 | CACM-1154 | 8.381289307357981 | 0.09090909090909091 | 0.3125
17 | CACM-1231 | 7.676097607181981 | 0.10714285714285714 | 0.375
17 | CACM-2195 | 7.676097607181981 | 0.10526315789473684 | 0.375
17 | CACM-2537 | 7.676097607181981 | 0.10344827586206896 | 0.375
17 | CACM-2616 | 7.676097607181981 | 0.1016949152542373 | 0.375
17 | CACM-2680 | 7.676097607181981 | 0.1 | 0.375
17 | CACM-2716 | 7.676097607181981 | 0.09836065573770492 | 0.375
17 | CACM-2812 | 7.676097607181981 | 0.0967741935483871 | 0.375
17 | CACM-2836 | 7.676097607181981 | 0.09523809523809523 | 0.375
17 | CACM-3018 | 7.676097607181981 | 0.09375 | 0.375
17 | CACM-3125 | 7.676097607181981 | 0.09230769230769231 | 0.375
17 | CACM-2433 | 7.265813212637868 | 0.09090909090909091 | 0.375
17 | CACM-2858 | 7.265813212637868 | 0.08955223880597014 | 0.375
17 | CACM-2944 | 7.265813212637868 | 0.08823529411764706 | 0.375
17 | CACM-1290 | 6.855528818093754 | 0.08695652173913043 | 0.375
17 | CACM-1331 | 6.855528818093754 | 0.08571428571428572 | 0.375
17 | CACM-1670 | 6.855528818093754 | 0.08450704225352113 | 0.375
17 | CACM-1757 | 6.855528818093754 | 0.08333333333333333 | 0.375
17 | CACM-1786 | 6.855528818093754 | 0.0821917808219178 | 0.375
17 | CACM-1824 | 6.855528818093754 | 0.08108108108108109 | 0.375
17 | CACM-1973 | 6.855528818093754 | 0.08 | 0.375
17 | CACM-1992 | 6.855528818093754 | 0.07894736842105263 | 0.375
17 | CACM-2533 | 6.855528818093754 | 0.07792207792207792 | 0.375
17 | CACM-2692 | 6.855528818093754 | 0.07692307692307693 | 0.375
17 | CACM-2801 | 6.855528818093754 | 0.0759493670886076 | 0.375
17 | CACM-2888 | 6.855528818093754 | 0.075 | 0.375
17 | CACM-3110 | 6.855528818093754 | 0.07407407407407407 | 0.375
17 | CACM-3173 | 6.855528818093754 | 0.07317073170731707 | 0.375
17 | CACM-3175 | 6.855528818093754 | 0.07228915662650602 | 0.375
17 | CACM-0123 | 6.509487130456391 | 0.07142857142857142 | 0.375
17 | CACM-1389 | 6.509487130456391 | 0.07058823529411765 | 0.375
17 | CACM-1542 | 6.509487130456391 | 0.06976744186046512 | 0.375
17 | CACM-1726 | 6.509487130456391 | 0.06896551724137931 | 0.375
17 | CACM-2968 | 6.509487130456391 | 0.06818181818181818 | 0.375
17 | CACM-3150 | 6.509487130456391 | 0.06741573033707865 | 0.375
17 | CACM-3171 | 6.509487130456391 | 0.06666666666666667 | 0.375
17 | CACM-0078 | 6.163445442819027 | 0.06593406593406594 | 0.375
17 | CACM-0241 | 6.163445442819027 | 0.06521739130434782 | 0.375
17 | CACM-0441 | 6.163445442819027 | 0.06451612903225806 | 0.375
17 | CACM-0719 | 6.163445442819027 | 0.06382978723404255 | 0.375
17 | CACM-0731 | 6.163445442819027 | 0.06315789473684211 | 0.375
17 | CACM-0796 | 6.163445442819027 | 0.0625 | 0.375
17 | CACM-1167 | 6.163445442819027 | 0.061855670103092786 | 0.375
17 | CACM-1486 | 6.163445442819027 | 0.061224489795918366 | 0.375
17 | CACM-1854 | 6.163445442819027 | 0.06060606060606061 | 0.375
17 | CACM-1868 | 6.163445442819027 | 0.06 | 0.375
