queryId | docId | score | precision | recall
60 | CACM-2967 | 117.12306590790392 | 0.0 | 0.0
60 | CACM-3087 | 115.06970573202447 | 0.5 | 0.037037037037037035
60 | CACM-1844 | 107.56615703948309 | 0.3333333333333333 | 0.037037037037037035
60 | CACM-2002 | 101.1416244517004 | 0.25 | 0.037037037037037035
60 | CACM-2882 | 92.62040988393014 | 0.4 | 0.07407407407407407
60 | CACM-2424 | 91.50801748944777 | 0.3333333333333333 | 0.07407407407407407
60 | CACM-0695 | 89.92311625250507 | 0.2857142857142857 | 0.07407407407407407
60 | CACM-2876 | 83.37363591168885 | 0.25 | 0.07407407407407407
60 | CACM-3142 | 82.68364095232272 | 0.2222222222222222 | 0.07407407407407407
60 | CACM-1856 | 76.04214475470371 | 0.2 | 0.07407407407407407
60 | CACM-1366 | 72.01922944466587 | 0.18181818181818182 | 0.07407407407407407
60 | CACM-3092 | 67.54091205945869 | 0.16666666666666666 | 0.07407407407407407
60 | CACM-2816 | 67.0742689785375 | 0.23076923076923078 | 0.1111111111111111
60 | CACM-2716 | 66.60229284408047 | 0.2857142857142857 | 0.14814814814814814
60 | CACM-3011 | 66.56448602964883 | 0.26666666666666666 | 0.14814814814814814
60 | CACM-2198 | 64.5726133608379 | 0.3125 | 0.18518518518518517
60 | CACM-3025 | 62.53180262482768 | 0.29411764705882354 | 0.18518518518518517
60 | CACM-2812 | 61.956368751881946 | 0.2777777777777778 | 0.18518518518518517
60 | CACM-2957 | 61.664153041778675 | 0.3157894736842105 | 0.2222222222222222
60 | CACM-1695 | 61.576842567665224 | 0.3 | 0.2222222222222222
60 | CACM-1747 | 60.920637170098296 | 0.2857142857142857 | 0.2222222222222222
60 | CACM-1572 | 60.48996694665077 | 0.2727272727272727 | 0.2222222222222222
60 | CACM-1264 | 60.04499744235035 | 0.2608695652173913 | 0.2222222222222222
60 | CACM-2188 | 56.0775636745485 | 0.25 | 0.2222222222222222
60 | CACM-2951 | 55.96182913993682 | 0.24 | 0.2222222222222222
60 | CACM-2931 | 55.06492386305075 | 0.23076923076923078 | 0.2222222222222222
60 | CACM-3026 | 54.221611167007985 | 0.2222222222222222 | 0.2222222222222222
60 | CACM-1462 | 53.66795627400596 | 0.21428571428571427 | 0.2222222222222222
60 | CACM-2928 | 53.443976031751 | 0.20689655172413793 | 0.2222222222222222
60 | CACM-2358 | 52.9298294484449 | 0.2 | 0.2222222222222222
60 | CACM-2479 | 52.765622157584865 | 0.1935483870967742 | 0.2222222222222222
60 | CACM-2852 | 52.70344257109815 | 0.1875 | 0.2222222222222222
60 | CACM-2377 | 52.493573921974956 | 0.21212121212121213 | 0.25925925925925924
60 | CACM-3077 | 52.301079466679994 | 0.20588235294117646 | 0.25925925925925924
60 | CACM-3049 | 52.248130024610965 | 0.2 | 0.25925925925925924
60 | CACM-2828 | 51.86304802930872 | 0.19444444444444445 | 0.25925925925925924
60 | CACM-2625 | 51.81653692155003 | 0.1891891891891892 | 0.25925925925925924
60 | CACM-2138 | 51.38458631797515 | 0.18421052631578946 | 0.25925925925925924
60 | CACM-2786 | 50.911048425479855 | 0.1794871794871795 | 0.25925925925925924
60 | CACM-3150 | 50.727255092785846 | 0.175 | 0.25925925925925924
60 | CACM-3112 | 49.52866258686031 | 0.17073170731707318 | 0.25925925925925924
60 | CACM-1665 | 49.359427114201 | 0.16666666666666666 | 0.25925925925925924
60 | CACM-2817 | 49.33822723704426 | 0.18604651162790697 | 0.2962962962962963
60 | CACM-2421 | 49.31661456308598 | 0.18181818181818182 | 0.2962962962962963
60 | CACM-2311 | 49.229691236295395 | 0.17777777777777778 | 0.2962962962962963
60 | CACM-3030 | 48.70202807976511 | 0.17391304347826086 | 0.2962962962962963
60 | CACM-2342 | 48.69484484798597 | 0.1702127659574468 | 0.2962962962962963
60 | CACM-2151 | 48.495730665583785 | 0.16666666666666666 | 0.2962962962962963
60 | CACM-1685 | 48.088079279353366 | 0.16326530612244897 | 0.2962962962962963
60 | CACM-1827 | 48.07994558728649 | 0.16 | 0.2962962962962963
60 | CACM-2003 | 48.07133443649345 | 0.1568627450980392 | 0.2962962962962963
60 | CACM-2988 | 48.050651111478835 | 0.15384615384615385 | 0.2962962962962963
60 | CACM-2516 | 48.03787768843005 | 0.16981132075471697 | 0.3333333333333333
60 | CACM-1698 | 47.57832147440252 | 0.16666666666666666 | 0.3333333333333333
60 | CACM-0670 | 46.97706263375139 | 0.16363636363636364 | 0.3333333333333333
60 | CACM-0616 | 46.93787629678991 | 0.16071428571428573 | 0.3333333333333333
60 | CACM-2379 | 46.84350482303522 | 0.15789473684210525 | 0.3333333333333333
60 | CACM-3136 | 46.69017182391207 | 0.15517241379310345 | 0.3333333333333333
60 | CACM-2985 | 46.66701795839429 | 0.15254237288135594 | 0.3333333333333333
60 | CACM-1518 | 46.635145817283785 | 0.15 | 0.3333333333333333
60 | CACM-2500 | 46.605553786553436 | 0.14754098360655737 | 0.3333333333333333
60 | CACM-1680 | 46.58949665792542 | 0.14516129032258066 | 0.3333333333333333
60 | CACM-2314 | 46.53559342105341 | 0.14285714285714285 | 0.3333333333333333
60 | CACM-2106 | 46.51638771801939 | 0.140625 | 0.3333333333333333
60 | CACM-2680 | 46.33414851815727 | 0.13846153846153847 | 0.3333333333333333
60 | CACM-2020 | 46.31281652654816 | 0.13636363636363635 | 0.3333333333333333
60 | CACM-2127 | 46.27898693609584 | 0.13432835820895522 | 0.3333333333333333
60 | CACM-3146 | 46.25588170363271 | 0.1323529411764706 | 0.3333333333333333
60 | CACM-1959 | 46.22277125573097 | 0.13043478260869565 | 0.3333333333333333
60 | CACM-1750 | 46.18787283956456 | 0.12857142857142856 | 0.3333333333333333
60 | CACM-2319 | 45.621891415871545 | 0.1267605633802817 | 0.3333333333333333
60 | CACM-2359 | 45.56679108454158 | 0.125 | 0.3333333333333333
60 | CACM-1470 | 45.417682581467346 | 0.1232876712328767 | 0.3333333333333333
60 | CACM-1805 | 44.973682523017544 | 0.12162162162162163 | 0.3333333333333333
60 | CACM-2710 | 44.938968213319534 | 0.13333333333333333 | 0.37037037037037035
60 | CACM-3138 | 44.60049787350346 | 0.13157894736842105 | 0.37037037037037035
60 | CACM-2753 | 44.453182359697195 | 0.12987012987012986 | 0.37037037037037035
60 | CACM-3158 | 43.69484265740206 | 0.1282051282051282 | 0.37037037037037035
60 | CACM-2740 | 43.52970223108613 | 0.12658227848101267 | 0.37037037037037035
60 | CACM-2372 | 43.39472869617203 | 0.125 | 0.37037037037037035
60 | CACM-0944 | 43.311857024949745 | 0.12345679012345678 | 0.37037037037037035
60 | CACM-2396 | 43.231542837038674 | 0.12195121951219512 | 0.37037037037037035
60 | CACM-2720 | 43.015033646352826 | 0.12048192771084337 | 0.37037037037037035
60 | CACM-1962 | 42.822984196064326 | 0.11904761904761904 | 0.37037037037037035
60 | CACM-1846 | 42.72842289478002 | 0.11764705882352941 | 0.37037037037037035
60 | CACM-3056 | 42.705246345921395 | 0.11627906976744186 | 0.37037037037037035
60 | CACM-2525 | 42.490681185282305 | 0.11494252873563218 | 0.37037037037037035
60 | CACM-2194 | 42.0243763981654 | 0.11363636363636363 | 0.37037037037037035
60 | CACM-2888 | 41.991645215573875 | 0.11235955056179775 | 0.37037037037037035
60 | CACM-3070 | 41.8707416190308 | 0.1111111111111111 | 0.37037037037037035
60 | CACM-1519 | 41.66422257783768 | 0.10989010989010989 | 0.37037037037037035
60 | CACM-2542 | 41.51387711052348 | 0.10869565217391304 | 0.37037037037037035
60 | CACM-2344 | 41.477395602392896 | 0.10752688172043011 | 0.37037037037037035
60 | CACM-3059 | 41.29622271104841 | 0.10638297872340426 | 0.37037037037037035
60 | CACM-2890 | 41.26202156792789 | 0.10526315789473684 | 0.37037037037037035
60 | CACM-2470 | 41.09133548773853 | 0.10416666666666667 | 0.37037037037037035
60 | CACM-1409 | 41.052883564867024 | 0.10309278350515463 | 0.37037037037037035
60 | CACM-1589 | 40.777055886950244 | 0.10204081632653061 | 0.37037037037037035
60 | CACM-3076 | 40.70790855688798 | 0.10101010101010101 | 0.37037037037037035
60 | CACM-0585 | 40.586601194374985 | 0.1 | 0.37037037037037035
