queryId | docId | score | precision | recall
23 | CACM-1862 | 38.79113697494471 | 0.0 | 0.0
23 | CACM-2849 | 36.70070421014445 | 0.5 | 0.25
23 | CACM-2197 | 32.63549398103433 | 0.3333333333333333 | 0.25
23 | CACM-3148 | 31.88087950942705 | 0.5 | 0.5
23 | CACM-2709 | 29.255655773260486 | 0.4 | 0.5
23 | CACM-2949 | 27.438669236569464 | 0.3333333333333333 | 0.5
23 | CACM-1525 | 26.015531234253345 | 0.2857142857142857 | 0.5
23 | CACM-3011 | 25.304115829123376 | 0.25 | 0.5
23 | CACM-3137 | 23.126670547256147 | 0.3333333333333333 | 0.75
23 | CACM-3043 | 22.662350794385542 | 0.3 | 0.75
23 | CACM-1745 | 21.573320961395755 | 0.2727272727272727 | 0.75
23 | CACM-2198 | 21.308300330090184 | 0.25 | 0.75
23 | CACM-3082 | 21.2395199841256 | 0.23076923076923078 | 0.75
23 | CACM-2884 | 20.30096911378854 | 0.21428571428571427 | 0.75
23 | CACM-3166 | 20.202658181544972 | 0.2 | 0.75
23 | CACM-2433 | 20.170366407654214 | 0.1875 | 0.75
23 | CACM-2289 | 19.175707743560203 | 0.17647058823529413 | 0.75
23 | CACM-2276 | 18.50346771102587 | 0.16666666666666666 | 0.75
23 | CACM-2950 | 18.315507618414422 | 0.15789473684210525 | 0.75
23 | CACM-3035 | 17.972737677212415 | 0.15 | 0.75
23 | CACM-2314 | 17.758386394974107 | 0.14285714285714285 | 0.75
23 | CACM-3077 | 17.755513576601174 | 0.13636363636363635 | 0.75
23 | CACM-2406 | 17.703581721264026 | 0.13043478260869565 | 0.75
23 | CACM-2810 | 17.508417924341806 | 0.125 | 0.75
23 | CACM-1411 | 17.457944136569566 | 0.12 | 0.75
23 | CACM-2263 | 17.041461528170284 | 0.11538461538461539 | 0.75
23 | CACM-2594 | 17.039807899310354 | 0.1111111111111111 | 0.75
23 | CACM-2902 | 16.89267680815448 | 0.10714285714285714 | 0.75
23 | CACM-1889 | 16.797002519211837 | 0.10344827586206896 | 0.75
23 | CACM-3090 | 16.797002519211837 | 0.1 | 0.75
23 | CACM-2283 | 16.33004612304031 | 0.0967741935483871 | 0.75
23 | CACM-3006 | 16.33004612304031 | 0.09375 | 0.75
23 | CACM-2092 | 16.05782178742397 | 0.09090909090909091 | 0.75
23 | CACM-2081 | 15.810726135164602 | 0.08823529411764706 | 0.75
23 | CACM-1924 | 15.61863071791034 | 0.08571428571428572 | 0.75
23 | CACM-2146 | 15.61863071791034 | 0.08333333333333333 | 0.75
23 | CACM-2692 | 15.61863071791034 | 0.08108108108108109 | 0.75
23 | CACM-3025 | 15.434681405630846 | 0.07894736842105263 | 0.75
23 | CACM-2060 | 15.248095450050434 | 0.07692307692307693 | 0.75
23 | CACM-2357 | 14.909851956081287 | 0.075 | 0.75
23 | CACM-2273 | 14.907215312780368 | 0.07317073170731707 | 0.75
23 | CACM-2767 | 14.907215312780368 | 0.07142857142857142 | 0.75
23 | CACM-2903 | 14.907215312780368 | 0.06976744186046512 | 0.75
23 | CACM-1946 | 14.04965183093551 | 0.06818181818181818 | 0.75
23 | CACM-2032 | 13.91641248150027 | 0.06666666666666667 | 0.75
23 | CACM-2155 | 13.91641248150027 | 0.06521739130434782 | 0.75
23 | CACM-2832 | 13.77479085201825 | 0.06382978723404255 | 0.75
23 | CACM-3124 | 13.77479085201825 | 0.0625 | 0.75
23 | CACM-2216 | 13.727149268841952 | 0.061224489795918366 | 0.75
23 | CACM-2438 | 13.638678684210078 | 0.06 | 0.75
23 | CACM-2627 | 13.633169222536228 | 0.058823529411764705 | 0.75
23 | CACM-2883 | 13.585332078064907 | 0.057692307692307696 | 0.75
23 | CACM-1928 | 13.360944886919885 | 0.05660377358490566 | 0.75
23 | CACM-2828 | 13.348272334712252 | 0.05555555555555555 | 0.75
23 | CACM-0409 | 13.219323257437864 | 0.05454545454545454 | 0.75
23 | CACM-3128 | 13.109713910017701 | 0.05357142857142857 | 0.75
23 | CACM-1658 | 12.921753817406255 | 0.05263157894736842 | 0.75
23 | CACM-2325 | 12.921753817406255 | 0.05172413793103448 | 0.75
23 | CACM-2819 | 12.921753817406255 | 0.05084745762711865 | 0.75
23 | CACM-2484 | 12.785641649598084 | 0.05 | 0.75
23 | CACM-1747 | 12.775605740691368 | 0.04918032786885246 | 0.75
23 | CACM-2838 | 12.351960041758304 | 0.04838709677419355 | 0.75
23 | CACM-2674 | 12.210338412276283 | 0.047619047619047616 | 0.75
23 | CACM-2863 | 12.210338412276283 | 0.046875 | 0.75
23 | CACM-1810 | 12.162501267804961 | 0.046153846153846156 | 0.75
23 | CACM-2452 | 11.93811407665994 | 0.045454545454545456 | 0.75
23 | CACM-1680 | 11.84696623495016 | 0.04477611940298507 | 0.75
23 | CACM-2968 | 11.796492447177918 | 0.04411764705882353 | 0.75
23 | CACM-2130 | 11.691018424400573 | 0.043478260869565216 | 0.75
23 | CACM-2816 | 11.686883099757758 | 0.04285714285714286 | 0.75
23 | CACM-2020 | 11.599870582690793 | 0.04225352112676056 | 0.75
23 | CACM-2890 | 11.592903053452034 | 0.041666666666666664 | 0.75
23 | CACM-2954 | 11.504432468820161 | 0.0410958904109589 | 0.75
23 | CACM-3008 | 11.504432468820161 | 0.04054054054054054 | 0.75
23 | CACM-2402 | 11.362810839338138 | 0.04 | 0.75
23 | CACM-2951 | 11.352774930431424 | 0.039473684210526314 | 0.75
23 | CACM-3158 | 11.352774930431424 | 0.03896103896103896 | 0.75
23 | CACM-2035 | 11.085077042047946 | 0.038461538461538464 | 0.75
23 | CACM-2470 | 10.948964874239776 | 0.0379746835443038 | 0.75
23 | CACM-1392 | 10.936292322032141 | 0.0375 | 0.75
23 | CACM-2490 | 10.936292322032141 | 0.037037037037037035 | 0.75
23 | CACM-2679 | 10.936292322032141 | 0.036585365853658534 | 0.75
23 | CACM-2722 | 10.936292322032141 | 0.03614457831325301 | 0.75
23 | CACM-2997 | 10.936292322032141 | 0.03571428571428571 | 0.75
23 | CACM-2834 | 10.837981389788581 | 0.03529411764705882 | 0.75
23 | CACM-2723 | 10.800180154223971 | 0.03488372093023256 | 0.75
23 | CACM-1869 | 10.793017063690188 | 0.034482758620689655 | 0.75
23 | CACM-1878 | 10.793017063690188 | 0.03409090909090909 | 0.75
23 | CACM-2226 | 10.787507602016339 | 0.033707865168539325 | 0.75
23 | CACM-1366 | 10.671231076949582 | 0.03333333333333333 | 0.75
23 | CACM-2979 | 10.671231076949582 | 0.03296703296703297 | 0.75
23 | CACM-3032 | 10.651395434208169 | 0.03260869565217391 | 0.75
23 | CACM-2178 | 10.515283266399997 | 0.03225806451612903 | 0.75
23 | CACM-2766 | 10.366498546384193 | 0.031914893617021274 | 0.75
23 | CACM-1423 | 10.275350704674413 | 0.031578947368421054 | 0.75
23 | CACM-2931 | 10.237549469109803 | 0.03125 | 0.75
23 | CACM-2483 | 10.22487691690217 | 0.030927835051546393 | 0.75
23 | CACM-3163 | 10.22487691690217 | 0.030612244897959183 | 0.75
23 | CACM-2454 | 10.126565984658608 | 0.030303030303030304 | 0.75
23 | CACM-3086 | 10.028255052415044 | 0.03 | 0.75
