queryId | docId | score | precision | recall
28 | CACM-2890 | 170.82291907125216 | 1.0 | 0.2
28 | CACM-3032 | 150.3404421389349 | 1.0 | 0.4
28 | CACM-2949 | 132.93174944840874 | 1.0 | 0.6
28 | CACM-2849 | 120.80540614288469 | 1.0 | 0.8
28 | CACM-2197 | 111.06107918788439 | 0.8 | 0.8
28 | CACM-1685 | 110.40772730011747 | 0.6666666666666666 | 0.8
28 | CACM-2289 | 103.63134880532871 | 0.5714285714285714 | 0.8
28 | CACM-1695 | 101.8345440237216 | 0.5 | 0.8
28 | CACM-1665 | 96.88573841149248 | 0.4444444444444444 | 0.8
28 | CACM-2776 | 96.19236886672516 | 0.4 | 0.8
28 | CACM-2515 | 91.41171483895586 | 0.36363636363636365 | 0.8
28 | CACM-2916 | 90.82561702557122 | 0.3333333333333333 | 0.8
28 | CACM-2931 | 90.59430680763514 | 0.3076923076923077 | 0.8
28 | CACM-2233 | 90.34345965246237 | 0.2857142857142857 | 0.8
28 | CACM-1727 | 90.34247266452758 | 0.26666666666666666 | 0.8
28 | CACM-2951 | 89.84755966452428 | 0.25 | 0.8
28 | CACM-3077 | 86.16381288403117 | 0.23529411764705882 | 0.8
28 | CACM-1856 | 86.05031477696406 | 0.2222222222222222 | 0.8
28 | CACM-3059 | 84.73183233011316 | 0.21052631578947367 | 0.8
28 | CACM-1928 | 84.60149530926148 | 0.2 | 0.8
28 | CACM-2046 | 79.39196846445398 | 0.19047619047619047 | 0.8
28 | CACM-2217 | 77.05433527208308 | 0.18181818181818182 | 0.8
28 | CACM-1890 | 75.3346536069948 | 0.17391304347826086 | 0.8
28 | CACM-2572 | 75.24217710261559 | 0.16666666666666666 | 0.8
28 | CACM-2598 | 74.73296656365945 | 0.16 | 0.8
28 | CACM-0616 | 74.60494928475079 | 0.15384615384615385 | 0.8
28 | CACM-1989 | 74.26413600815438 | 0.14814814814814814 | 0.8
28 | CACM-2892 | 73.88623150967834 | 0.14285714285714285 | 0.8
28 | CACM-3076 | 72.92422191654174 | 0.13793103448275862 | 0.8
28 | CACM-2033 | 72.62542371507101 | 0.13333333333333333 | 0.8
28 | CACM-2181 | 72.08486603854502 | 0.12903225806451613 | 0.8
28 | CACM-2344 | 71.84533261151968 | 0.125 | 0.8
28 | CACM-2692 | 71.48316047701975 | 0.12121212121212122 | 0.8
28 | CACM-2002 | 70.97477272137155 | 0.11764705882352941 | 0.8
28 | CACM-2216 | 68.36986228924867 | 0.11428571428571428 | 0.8
28 | CACM-2889 | 67.5416502399975 | 0.1111111111111111 | 0.8
28 | CACM-1847 | 67.4935191564871 | 0.10810810810810811 | 0.8
28 | CACM-2060 | 66.56827352918089 | 0.10526315789473684 | 0.8
28 | CACM-2263 | 66.17846604253114 | 0.10256410256410256 | 0.8
28 | CACM-2274 | 66.072620547459 | 0.1 | 0.8
28 | CACM-1572 | 66.00315350996443 | 0.0975609756097561 | 0.8
28 | CACM-3134 | 65.54241069844522 | 0.09523809523809523 | 0.8
28 | CACM-2196 | 65.49017771562353 | 0.09302325581395349 | 0.8
28 | CACM-1135 | 64.46822032525408 | 0.09090909090909091 | 0.8
28 | CACM-1366 | 64.45165434975418 | 0.08888888888888889 | 0.8
28 | CACM-1844 | 64.16737942877877 | 0.08695652173913043 | 0.8
28 | CACM-1846 | 64.01752234763596 | 0.0851063829787234 | 0.8
28 | CACM-1003 | 63.969771380382724 | 0.08333333333333333 | 0.8
28 | CACM-0670 | 63.888377283259956 | 0.08163265306122448 | 0.8
28 | CACM-1906 | 63.57355297019575 | 0.08 | 0.8
28 | CACM-2828 | 63.563323030560326 | 0.0784313725490196 | 0.8
28 | CACM-2905 | 62.85298829917161 | 0.07692307692307693 | 0.8
28 | CACM-2470 | 62.83128181076205 | 0.07547169811320754 | 0.8
28 | CACM-1307 | 62.56974966577175 | 0.07407407407407407 | 0.8
28 | CACM-1976 | 62.53106027138897 | 0.07272727272727272 | 0.8
28 | CACM-2092 | 62.162364659265215 | 0.07142857142857142 | 0.8
28 | CACM-2568 | 62.120933158550066 | 0.07017543859649122 | 0.8
28 | CACM-1827 | 61.918346334789405 | 0.06896551724137931 | 0.8
28 | CACM-2358 | 61.8522155356802 | 0.06779661016949153 | 0.8
28 | CACM-1877 | 61.7224499937997 | 0.06666666666666667 | 0.8
28 | CACM-2198 | 61.44910802135184 | 0.06557377049180328 | 0.8
28 | CACM-1423 | 61.42692411016899 | 0.06451612903225806 | 0.8
28 | CACM-1032 | 61.312343411336606 | 0.06349206349206349 | 0.8
28 | CACM-1543 | 61.01595723429476 | 0.0625 | 0.8
28 | CACM-1362 | 60.771147451805035 | 0.06153846153846154 | 0.8
28 | CACM-0531 | 59.96021342142723 | 0.06060606060606061 | 0.8
28 | CACM-3160 | 59.82408903219457 | 0.05970149253731343 | 0.8
28 | CACM-2645 | 59.69097927908977 | 0.058823529411764705 | 0.8
28 | CACM-2195 | 59.476920782749694 | 0.057971014492753624 | 0.8
28 | CACM-2721 | 59.4570014636014 | 0.05714285714285714 | 0.8
28 | CACM-1811 | 59.289433050885506 | 0.056338028169014086 | 0.8
28 | CACM-1194 | 59.23630612935295 | 0.05555555555555555 | 0.8
28 | CACM-1099 | 59.12921283705012 | 0.0547945205479452 | 0.8
28 | CACM-1886 | 58.71220546005227 | 0.05405405405405406 | 0.8
28 | CACM-2113 | 58.585783651490544 | 0.05333333333333334 | 0.8
28 | CACM-1829 | 58.46538801896482 | 0.05263157894736842 | 0.8
28 | CACM-2053 | 58.366604831746244 | 0.05194805194805195 | 0.8
28 | CACM-3158 | 58.120623475768696 | 0.05128205128205128 | 0.8
28 | CACM-2911 | 58.00862781622635 | 0.05063291139240506 | 0.8
28 | CACM-0637 | 57.629851644433984 | 0.05 | 0.8
28 | CACM-1108 | 57.54919091408429 | 0.04938271604938271 | 0.8
28 | CACM-1455 | 57.50763753855577 | 0.04878048780487805 | 0.8
28 | CACM-2424 | 57.48392967405579 | 0.04819277108433735 | 0.8
28 | CACM-0724 | 57.06999010056085 | 0.047619047619047616 | 0.8
28 | CACM-2887 | 56.618717136999166 | 0.047058823529411764 | 0.8
28 | CACM-3153 | 56.579181460373206 | 0.046511627906976744 | 0.8
28 | CACM-1315 | 56.44561054174988 | 0.04597701149425287 | 0.8
28 | CACM-3048 | 56.164881459865484 | 0.045454545454545456 | 0.8
28 | CACM-2883 | 56.121077297412775 | 0.0449438202247191 | 0.8
28 | CACM-0441 | 56.067026350753814 | 0.044444444444444446 | 0.8
28 | CACM-2722 | 55.66743421971473 | 0.04395604395604396 | 0.8
28 | CACM-2163 | 55.651967588947045 | 0.043478260869565216 | 0.8
28 | CACM-1516 | 55.61002067974509 | 0.043010752688172046 | 0.8
28 | CACM-2342 | 55.53416546050849 | 0.0425531914893617 | 0.8
28 | CACM-2990 | 55.531859598306404 | 0.042105263157894736 | 0.8
28 | CACM-2967 | 55.14167944177828 | 0.041666666666666664 | 0.8
28 | CACM-2535 | 54.947189782915665 | 0.041237113402061855 | 0.8
28 | CACM-3002 | 54.932613492718666 | 0.04081632653061224 | 0.8
28 | CACM-0397 | 54.64219948944699 | 0.04040404040404041 | 0.8
28 | CACM-1728 | 54.59880055185141 | 0.04 | 0.8
