queryId | docId | score | precision | recall
22 | CACM-2692 | 65.18175612714735 | 1.0 | 0.058823529411764705
22 | CACM-2289 | 57.55739142362662 | 0.5 | 0.058823529411764705
22 | CACM-3059 | 56.984106378206874 | 0.3333333333333333 | 0.058823529411764705
22 | CACM-1366 | 55.37275409826937 | 0.25 | 0.058823529411764705
22 | CACM-2924 | 53.05844677732024 | 0.2 | 0.058823529411764705
22 | CACM-1771 | 52.83701235329488 | 0.16666666666666666 | 0.058823529411764705
22 | CACM-3049 | 52.380086357848754 | 0.14285714285714285 | 0.058823529411764705
22 | CACM-1978 | 47.89509334068952 | 0.125 | 0.058823529411764705
22 | CACM-1665 | 47.745975404820754 | 0.1111111111111111 | 0.058823529411764705
22 | CACM-2341 | 47.736804959072956 | 0.1 | 0.058823529411764705
22 | CACM-2188 | 47.27211640259636 | 0.09090909090909091 | 0.058823529411764705
22 | CACM-1727 | 46.5051075233435 | 0.08333333333333333 | 0.058823529411764705
22 | CACM-2534 | 45.94513640241229 | 0.07692307692307693 | 0.058823529411764705
22 | CACM-1847 | 45.509504231821246 | 0.07142857142857142 | 0.058823529411764705
22 | CACM-2905 | 45.112290010040525 | 0.06666666666666667 | 0.058823529411764705
22 | CACM-2931 | 44.21322659659401 | 0.0625 | 0.058823529411764705
22 | CACM-2402 | 43.53669579280255 | 0.058823529411764705 | 0.058823529411764705
22 | CACM-1844 | 42.73191871197133 | 0.05555555555555555 | 0.058823529411764705
22 | CACM-0616 | 42.63167092482726 | 0.05263157894736842 | 0.058823529411764705
22 | CACM-1856 | 42.286772762201494 | 0.05 | 0.058823529411764705
22 | CACM-1003 | 42.206520597268664 | 0.047619047619047616 | 0.058823529411764705
22 | CACM-2572 | 41.89915607579625 | 0.045454545454545456 | 0.058823529411764705
22 | CACM-1543 | 41.720892921160484 | 0.043478260869565216 | 0.058823529411764705
22 | CACM-2002 | 41.71008214298476 | 0.041666666666666664 | 0.058823529411764705
22 | CACM-2181 | 41.289968009675434 | 0.04 | 0.058823529411764705
22 | CACM-2913 | 41.268353245475836 | 0.038461538461538464 | 0.058823529411764705
22 | CACM-0531 | 41.25494045953308 | 0.037037037037037035 | 0.058823529411764705
22 | CACM-1741 | 40.615051027242004 | 0.03571428571428571 | 0.058823529411764705
22 | CACM-3077 | 40.19755335010579 | 0.034482758620689655 | 0.058823529411764705
22 | CACM-3028 | 39.961376079763035 | 0.03333333333333333 | 0.058823529411764705
22 | CACM-3160 | 39.94625967257985 | 0.03225806451612903 | 0.058823529411764705
22 | CACM-2674 | 39.66282898182491 | 0.03125 | 0.058823529411764705
22 | CACM-2367 | 38.69205142540122 | 0.030303030303030304 | 0.058823529411764705
22 | CACM-2979 | 37.82490664129642 | 0.029411764705882353 | 0.058823529411764705
22 | CACM-2918 | 37.53540057479367 | 0.02857142857142857 | 0.058823529411764705
22 | CACM-2786 | 37.51565710547443 | 0.027777777777777776 | 0.058823529411764705
22 | CACM-1408 | 37.29570775340904 | 0.02702702702702703 | 0.058823529411764705
22 | CACM-2622 | 37.10735162536939 | 0.02631578947368421 | 0.058823529411764705
22 | CACM-2196 | 37.00647397074073 | 0.02564102564102564 | 0.058823529411764705
22 | CACM-1433 | 36.97941724552297 | 0.025 | 0.058823529411764705
22 | CACM-1824 | 36.840210712626416 | 0.024390243902439025 | 0.058823529411764705
22 | CACM-1012 | 36.680047329362274 | 0.023809523809523808 | 0.058823529411764705
22 | CACM-3130 | 36.47155129863397 | 0.023255813953488372 | 0.058823529411764705
22 | CACM-2217 | 35.94886872352965 | 0.022727272727272728 | 0.058823529411764705
22 | CACM-1890 | 35.92145064965658 | 0.022222222222222223 | 0.058823529411764705
22 | CACM-2949 | 35.85181065985394 | 0.021739130434782608 | 0.058823529411764705
22 | CACM-3002 | 35.70009291822429 | 0.02127659574468085 | 0.058823529411764705
22 | CACM-2893 | 35.640881000711786 | 0.020833333333333332 | 0.058823529411764705
22 | CACM-1928 | 35.62186893753518 | 0.02040816326530612 | 0.058823529411764705
22 | CACM-2233 | 35.45665467353569 | 0.02 | 0.058823529411764705
22 | CACM-3081 | 34.867644178662545 | 0.0196078431372549 | 0.058823529411764705
22 | CACM-1764 | 34.7361499880832 | 0.019230769230769232 | 0.058823529411764705
22 | CACM-3163 | 34.675145112439296 | 0.018867924528301886 | 0.058823529411764705
22 | CACM-1931 | 34.521406552025475 | 0.018518518518518517 | 0.058823529411764705
22 | CACM-2598 | 34.49727941458852 | 0.01818181818181818 | 0.058823529411764705
22 | CACM-1591 | 34.459466000310634 | 0.017857142857142856 | 0.058823529411764705
22 | CACM-0796 | 34.42311912534497 | 0.017543859649122806 | 0.058823529411764705
22 | CACM-1924 | 34.17528003965986 | 0.017241379310344827 | 0.058823529411764705
22 | CACM-1974 | 33.939353126189665 | 0.01694915254237288 | 0.058823529411764705
22 | CACM-2916 | 33.8896638518615 | 0.016666666666666666 | 0.058823529411764705
22 | CACM-3032 | 33.8352934214533 | 0.01639344262295082 | 0.058823529411764705
22 | CACM-2263 | 33.82523999068967 | 0.016129032258064516 | 0.058823529411764705
22 | CACM-2470 | 33.78452162306485 | 0.015873015873015872 | 0.058823529411764705
22 | CACM-2753 | 33.6862032540863 | 0.015625 | 0.058823529411764705
22 | CACM-1829 | 33.50384607461709 | 0.015384615384615385 | 0.058823529411764705
22 | CACM-2722 | 33.47367485533599 | 0.015151515151515152 | 0.058823529411764705
22 | CACM-2020 | 33.28258068736301 | 0.014925373134328358 | 0.058823529411764705
22 | CACM-1385 | 33.202386359481295 | 0.014705882352941176 | 0.058823529411764705
22 | CACM-1936 | 33.13962946268623 | 0.014492753623188406 | 0.058823529411764705
22 | CACM-2950 | 32.97099214668346 | 0.014285714285714285 | 0.058823529411764705
22 | CACM-1323 | 32.89304366011589 | 0.014084507042253521 | 0.058823529411764705
22 | CACM-1908 | 32.86394455595489 | 0.013888888888888888 | 0.058823529411764705
22 | CACM-3076 | 32.794377946496766 | 0.0136986301369863 | 0.058823529411764705
22 | CACM-1680 | 32.70077800643662 | 0.013513513513513514 | 0.058823529411764705
22 | CACM-2092 | 32.677401294973116 | 0.013333333333333334 | 0.058823529411764705
22 | CACM-2046 | 32.467365157967464 | 0.013157894736842105 | 0.058823529411764705
22 | CACM-2864 | 32.457397152283875 | 0.012987012987012988 | 0.058823529411764705
22 | CACM-2033 | 32.322562258039405 | 0.01282051282051282 | 0.058823529411764705
22 | CACM-2829 | 32.3144689025343 | 0.02531645569620253 | 0.11764705882352941
22 | CACM-2147 | 32.11267097689402 | 0.025 | 0.11764705882352941
22 | CACM-2146 | 31.93513059576488 | 0.024691358024691357 | 0.11764705882352941
22 | CACM-1527 | 31.89397453380595 | 0.024390243902439025 | 0.11764705882352941
22 | CACM-2987 | 31.854453214033985 | 0.024096385542168676 | 0.11764705882352941
22 | CACM-2485 | 31.852198760323457 | 0.023809523809523808 | 0.11764705882352941
22 | CACM-1939 | 31.818183282026876 | 0.023529411764705882 | 0.11764705882352941
22 | CACM-2219 | 31.806208919969087 | 0.023255813953488372 | 0.11764705882352941
22 | CACM-2828 | 31.775424717834248 | 0.034482758620689655 | 0.17647058823529413
22 | CACM-2919 | 31.768753364540682 | 0.03409090909090909 | 0.17647058823529413
22 | CACM-2852 | 31.699666675295997 | 0.033707865168539325 | 0.17647058823529413
22 | CACM-1350 | 31.645950358512586 | 0.03333333333333333 | 0.17647058823529413
22 | CACM-1827 | 31.602744648353863 | 0.03296703296703297 | 0.17647058823529413
22 | CACM-1742 | 31.559460821158112 | 0.03260869565217391 | 0.17647058823529413
22 | CACM-2484 | 31.499705642571804 | 0.03225806451612903 | 0.17647058823529413
22 | CACM-1423 | 31.466828213954273 | 0.031914893617021274 | 0.17647058823529413
22 | CACM-2053 | 31.442762760271904 | 0.031578947368421054 | 0.17647058823529413
22 | CACM-2198 | 31.42491421773745 | 0.03125 | 0.17647058823529413
22 | CACM-1641 | 31.391322085705315 | 0.030927835051546393 | 0.17647058823529413
22 | CACM-2003 | 31.390879165375953 | 0.030612244897959183 | 0.17647058823529413
22 | CACM-0409 | 31.346304801981358 | 0.030303030303030304 | 0.17647058823529413
22 | CACM-2390 | 31.28234776587533 | 0.03 | 0.17647058823529413
