queryId | docId | score | precision | recall
38 | CACM-2651 | 58.39151797066283 | 1.0 | 0.0625
38 | CACM-3103 | 54.01794165054203 | 1.0 | 0.125
38 | CACM-2958 | 53.222474322328594 | 1.0 | 0.1875
38 | CACM-3031 | 48.408124685376755 | 1.0 | 0.25
38 | CACM-3105 | 41.20911665383001 | 0.8 | 0.25
38 | CACM-2046 | 40.67504245374896 | 0.6666666666666666 | 0.25
38 | CACM-2082 | 36.11810557466234 | 0.5714285714285714 | 0.25
38 | CACM-2265 | 34.45905762337986 | 0.625 | 0.3125
38 | CACM-2940 | 34.41186798380051 | 0.6666666666666666 | 0.375
38 | CACM-2406 | 32.81811134141957 | 0.6 | 0.375
38 | CACM-1359 | 32.76380990665311 | 0.5454545454545454 | 0.375
38 | CACM-2470 | 32.10177897382402 | 0.5 | 0.375
38 | CACM-2956 | 30.982675830083682 | 0.5384615384615384 | 0.4375
38 | CACM-2867 | 30.39416139896146 | 0.5 | 0.4375
38 | CACM-2941 | 29.489054273590455 | 0.5333333333333333 | 0.5
38 | CACM-1922 | 26.664715464903402 | 0.5 | 0.5
38 | CACM-2957 | 25.44109179067948 | 0.5294117647058824 | 0.5625
38 | CACM-2705 | 23.300301447346403 | 0.5 | 0.5625
38 | CACM-3087 | 22.66048312435068 | 0.47368421052631576 | 0.5625
38 | CACM-2002 | 21.042571802514214 | 0.45 | 0.5625
38 | CACM-0696 | 20.511319588387234 | 0.42857142857142855 | 0.5625
38 | CACM-2141 | 19.94517237027131 | 0.4090909090909091 | 0.5625
38 | CACM-1698 | 19.514862594027708 | 0.391304347826087 | 0.5625
38 | CACM-2582 | 19.197723754944903 | 0.375 | 0.5625
38 | CACM-1155 | 19.10527376873568 | 0.36 | 0.5625
38 | CACM-1625 | 18.512683449908547 | 0.34615384615384615 | 0.5625
38 | CACM-2198 | 18.46018762954851 | 0.3333333333333333 | 0.5625
38 | CACM-2593 | 18.46018762954851 | 0.32142857142857145 | 0.5625
38 | CACM-2750 | 18.46018762954851 | 0.3103448275862069 | 0.5625
38 | CACM-0670 | 18.289629790274923 | 0.3 | 0.5625
38 | CACM-2341 | 17.58416067835009 | 0.2903225806451613 | 0.5625
38 | CACM-2233 | 17.06730784728079 | 0.28125 | 0.5625
38 | CACM-1768 | 16.755376719575697 | 0.2727272727272727 | 0.5625
38 | CACM-2314 | 16.409055670709787 | 0.2647058823529412 | 0.5625
38 | CACM-2799 | 16.409055670709787 | 0.2571428571428571 | 0.5625
38 | CACM-1470 | 16.02523000938782 | 0.25 | 0.5625
38 | CACM-2939 | 15.797243833597822 | 0.2702702702702703 | 0.625
38 | CACM-2931 | 15.563230450504516 | 0.2631578947368421 | 0.625
38 | CACM-1323 | 14.9433385644898 | 0.2564102564102564 | 0.625
38 | CACM-0616 | 14.871296126369781 | 0.25 | 0.625
38 | CACM-0483 | 14.704244760736973 | 0.24390243902439024 | 0.625
38 | CACM-1937 | 14.357923711871063 | 0.23809523809523808 | 0.625
38 | CACM-2710 | 14.357923711871063 | 0.23255813953488372 | 0.625
38 | CACM-2765 | 14.357923711871063 | 0.22727272727272727 | 0.625
38 | CACM-2060 | 14.093708597784607 | 0.2222222222222222 | 0.625
38 | CACM-2667 | 14.010326988845556 | 0.21739130434782608 | 0.625
38 | CACM-2832 | 13.974098050549097 | 0.2127659574468085 | 0.625
38 | CACM-2937 | 13.746111874759098 | 0.20833333333333334 | 0.625
38 | CACM-1527 | 13.654900802045287 | 0.20408163265306123 | 0.625
38 | CACM-2887 | 13.315133542794541 | 0.2 | 0.625
38 | CACM-1108 | 13.185640690184826 | 0.19607843137254902 | 0.625
38 | CACM-1677 | 12.30679175303234 | 0.19230769230769232 | 0.625
38 | CACM-1695 | 12.30679175303234 | 0.18867924528301888 | 0.625
38 | CACM-2452 | 12.30679175303234 | 0.18518518518518517 | 0.625
38 | CACM-2561 | 12.30679175303234 | 0.18181818181818182 | 0.625
38 | CACM-2717 | 12.30679175303234 | 0.17857142857142858 | 0.625
38 | CACM-2718 | 12.30679175303234 | 0.17543859649122806 | 0.625
38 | CACM-2882 | 12.30679175303234 | 0.1724137931034483 | 0.625
38 | CACM-2999 | 12.30679175303234 | 0.1694915254237288 | 0.625
38 | CACM-2247 | 12.252490318265874 | 0.16666666666666666 | 0.625
38 | CACM-2356 | 12.252490318265874 | 0.16393442622950818 | 0.625
38 | CACM-3148 | 12.252490318265874 | 0.16129032258064516 | 0.625
38 | CACM-1143 | 12.042576638945883 | 0.15873015873015872 | 0.625
38 | CACM-2083 | 12.042576638945883 | 0.15625 | 0.625
38 | CACM-2424 | 12.0283266073682 | 0.15384615384615385 | 0.625
38 | CACM-2051 | 11.959195030006832 | 0.15151515151515152 | 0.625
38 | CACM-0243 | 11.74986146170406 | 0.14925373134328357 | 0.625
38 | CACM-2184 | 11.658750977623917 | 0.14705882352941177 | 0.625
38 | CACM-1614 | 11.575369368684866 | 0.14492753623188406 | 0.625
38 | CACM-1182 | 11.539140430388407 | 0.14285714285714285 | 0.625
38 | CACM-2632 | 11.43076480183392 | 0.15492957746478872 | 0.6875
38 | CACM-2990 | 10.866195957145983 | 0.1527777777777778 | 0.6875
38 | CACM-1033 | 10.786912008320595 | 0.1506849315068493 | 0.6875
38 | CACM-1907 | 10.783282240270019 | 0.14864864864864866 | 0.6875
38 | CACM-2109 | 10.568361513230183 | 0.14666666666666667 | 0.6875
38 | CACM-1456 | 10.545888657378125 | 0.14473684210526316 | 0.6875
38 | CACM-1806 | 10.481350136240554 | 0.14285714285714285 | 0.6875
38 | CACM-2113 | 10.382659756637642 | 0.14102564102564102 | 0.6875
38 | CACM-1290 | 10.255659794193617 | 0.13924050632911392 | 0.6875
38 | CACM-1476 | 10.255659794193617 | 0.1375 | 0.6875
38 | CACM-1757 | 10.255659794193617 | 0.13580246913580246 | 0.6875
38 | CACM-1828 | 10.255659794193617 | 0.13414634146341464 | 0.6875
38 | CACM-2313 | 10.255659794193617 | 0.13253012048192772 | 0.6875
38 | CACM-2451 | 10.255659794193617 | 0.13095238095238096 | 0.6875
38 | CACM-2516 | 10.255659794193617 | 0.12941176470588237 | 0.6875
38 | CACM-2594 | 10.255659794193617 | 0.12790697674418605 | 0.6875
38 | CACM-2715 | 10.255659794193617 | 0.12643678160919541 | 0.6875
38 | CACM-2923 | 10.255659794193617 | 0.125 | 0.6875
38 | CACM-0435 | 10.09497768418586 | 0.12359550561797752 | 0.6875
38 | CACM-1827 | 9.99144468010716 | 0.12222222222222222 | 0.6875
38 | CACM-2178 | 9.99144468010716 | 0.12087912087912088 | 0.6875
38 | CACM-1678 | 9.962225709659867 | 0.11956521739130435 | 0.6875
38 | CACM-2950 | 9.962225709659867 | 0.11827956989247312 | 0.6875
38 | CACM-1719 | 9.908063071168108 | 0.11702127659574468 | 0.6875
38 | CACM-2299 | 9.908063071168108 | 0.11578947368421053 | 0.6875
38 | CACM-0492 | 9.830762570099404 | 0.11458333333333333 | 0.6875
38 | CACM-3003 | 9.788202955680608 | 0.1134020618556701 | 0.6875
38 | CACM-1398 | 9.727229566020704 | 0.11224489795918367 | 0.6875
38 | CACM-3142 | 9.643847957081654 | 0.1111111111111111 | 0.6875
38 | CACM-1693 | 9.560466348142603 | 0.11 | 0.6875
