queryId | docId | score | precision | recall
7 | CACM-3043 | 78.15446728412768 | 1.0 | 0.03571428571428571
7 | CACM-2342 | 52.0662530909349 | 1.0 | 0.07142857142857142
7 | CACM-2949 | 48.47256032036039 | 0.6666666666666666 | 0.07142857142857142
7 | CACM-3014 | 41.53794814424337 | 0.5 | 0.07142857142857142
7 | CACM-2902 | 40.43683725513742 | 0.4 | 0.07142857142857142
7 | CACM-2884 | 37.75627660705719 | 0.3333333333333333 | 0.07142857142857142
7 | CACM-2950 | 36.44569406767299 | 0.2857142857142857 | 0.07142857142857142
7 | CACM-3077 | 36.328588398840424 | 0.25 | 0.07142857142857142
7 | CACM-2903 | 34.334921636605884 | 0.2222222222222222 | 0.07142857142857142
7 | CACM-2865 | 34.271256306208976 | 0.3 | 0.10714285714285714
7 | CACM-1771 | 33.89575795826897 | 0.2727272727272727 | 0.10714285714285714
7 | CACM-3166 | 32.362522806049014 | 0.25 | 0.10714285714285714
7 | CACM-3141 | 31.68107463200359 | 0.3076923076923077 | 0.14285714285714285
7 | CACM-2376 | 30.48460539938682 | 0.35714285714285715 | 0.17857142857142858
7 | CACM-3128 | 30.233290971105912 | 0.4 | 0.21428571428571427
7 | CACM-2740 | 30.176132557265962 | 0.375 | 0.21428571428571427
7 | CACM-2912 | 30.119686417211195 | 0.4117647058823529 | 0.25
7 | CACM-3104 | 29.763201850619737 | 0.3888888888888889 | 0.25
7 | CACM-2263 | 29.424153215562526 | 0.3684210526315789 | 0.25
7 | CACM-2273 | 29.424153215562526 | 0.35 | 0.25
7 | CACM-3148 | 28.75280939492632 | 0.38095238095238093 | 0.2857142857142857
7 | CACM-2849 | 28.65791065310352 | 0.36363636363636365 | 0.2857142857142857
7 | CACM-1924 | 26.968769005040848 | 0.34782608695652173 | 0.2857142857142857
7 | CACM-2146 | 26.968769005040848 | 0.3333333333333333 | 0.2857142857142857
7 | CACM-2283 | 26.968769005040848 | 0.32 | 0.2857142857142857
7 | CACM-2289 | 26.968769005040848 | 0.3076923076923077 | 0.2857142857142857
7 | CACM-2692 | 26.968769005040848 | 0.2962962962962963 | 0.2857142857142857
7 | CACM-2767 | 26.968769005040848 | 0.2857142857142857 | 0.2857142857142857
7 | CACM-3006 | 26.968769005040848 | 0.27586206896551724 | 0.2857142857142857
7 | CACM-2320 | 26.42177080985486 | 0.3 | 0.32142857142857145
7 | CACM-2890 | 26.041709972464325 | 0.2903225806451613 | 0.32142857142857145
7 | CACM-2674 | 25.658186465656655 | 0.28125 | 0.32142857142857145
7 | CACM-2208 | 24.07758550711255 | 0.2727272727272727 | 0.32142857142857145
7 | CACM-2325 | 24.030399414554356 | 0.2647058823529412 | 0.32142857142857145
7 | CACM-2863 | 24.030399414554356 | 0.2571428571428571 | 0.32142857142857145
7 | CACM-2317 | 23.292924244568034 | 0.25 | 0.32142857142857145
7 | CACM-1658 | 21.575015204032677 | 0.24324324324324326 | 0.32142857142857145
7 | CACM-2226 | 21.575015204032677 | 0.23684210526315788 | 0.32142857142857145
7 | CACM-2627 | 21.575015204032677 | 0.23076923076923078 | 0.32142857142857145
7 | CACM-2819 | 21.575015204032677 | 0.225 | 0.32142857142857145
7 | CACM-1381 | 21.556662701009564 | 0.21951219512195122 | 0.32142857142857145
7 | CACM-1854 | 21.52174271334491 | 0.21428571428571427 | 0.32142857142857145
7 | CACM-2871 | 21.448189285487285 | 0.20930232558139536 | 0.32142857142857145
7 | CACM-1922 | 20.955767856528134 | 0.20454545454545456 | 0.32142857142857145
7 | CACM-3021 | 20.955767856528134 | 0.2 | 0.32142857142857145
7 | CACM-2402 | 20.81503150264167 | 0.1956521739130435 | 0.32142857142857145
7 | CACM-1553 | 20.510865316087237 | 0.19148936170212766 | 0.32142857142857145
7 | CACM-2276 | 20.34014448638418 | 0.1875 | 0.32142857142857145
7 | CACM-1397 | 20.20365489163379 | 0.1836734693877551 | 0.32142857142857145
7 | CACM-0616 | 19.93761741964743 | 0.18 | 0.32142857142857145
7 | CACM-2326 | 19.849060742712044 | 0.17647058823529413 | 0.32142857142857145
7 | CACM-2851 | 19.3588713502133 | 0.17307692307692307 | 0.32142857142857145
7 | CACM-3082 | 19.10527376873568 | 0.18867924528301888 | 0.35714285714285715
7 | CACM-3137 | 19.10527376873568 | 0.18518518518518517 | 0.35714285714285715
7 | CACM-2828 | 18.99072652230787 | 0.18181818181818182 | 0.35714285714285715
7 | CACM-3080 | 18.63872416620392 | 0.17857142857142858 | 0.35714285714285715
7 | CACM-2053 | 18.153660233581373 | 0.17543859649122806 | 0.35714285714285715
7 | CACM-1623 | 17.881730474376475 | 0.1724137931034483 | 0.35714285714285715
7 | CACM-1846 | 17.52028973334661 | 0.1694915254237288 | 0.35714285714285715
7 | CACM-1948 | 17.430864359099296 | 0.16666666666666666 | 0.35714285714285715
7 | CACM-1626 | 17.06825413175574 | 0.16393442622950818 | 0.35714285714285715
7 | CACM-2972 | 17.03959562342868 | 0.16129032258064516 | 0.35714285714285715
7 | CACM-1145 | 16.55188300033344 | 0.15873015873015872 | 0.35714285714285715
7 | CACM-2167 | 16.406437840583067 | 0.15625 | 0.35714285714285715
7 | CACM-2324 | 16.406437840583067 | 0.15384615384615385 | 0.35714285714285715
7 | CACM-2860 | 16.406437840583067 | 0.15151515151515152 | 0.35714285714285715
7 | CACM-1392 | 16.181261403024507 | 0.14925373134328357 | 0.35714285714285715
7 | CACM-1551 | 16.181261403024507 | 0.14705882352941177 | 0.35714285714285715
7 | CACM-1877 | 16.181261403024507 | 0.15942028985507245 | 0.39285714285714285
7 | CACM-2483 | 16.181261403024507 | 0.15714285714285714 | 0.39285714285714285
7 | CACM-2490 | 16.181261403024507 | 0.15492957746478872 | 0.39285714285714285
7 | CACM-2679 | 16.181261403024507 | 0.1527777777777778 | 0.39285714285714285
7 | CACM-2722 | 16.181261403024507 | 0.1506849315068493 | 0.39285714285714285
7 | CACM-2936 | 16.181261403024507 | 0.14864864864864866 | 0.39285714285714285
7 | CACM-2997 | 16.181261403024507 | 0.14666666666666667 | 0.39285714285714285
7 | CACM-3132 | 16.181261403024507 | 0.14473684210526316 | 0.39285714285714285
7 | CACM-3163 | 16.181261403024507 | 0.14285714285714285 | 0.39285714285714285
7 | CACM-2623 | 16.148628898176813 | 0.14102564102564102 | 0.39285714285714285
7 | CACM-1135 | 15.943886881590792 | 0.13924050632911392 | 0.39285714285714285
7 | CACM-2541 | 15.871637729272237 | 0.1375 | 0.39285714285714285
7 | CACM-3048 | 15.7168258923961 | 0.13580246913580246 | 0.39285714285714285
7 | CACM-1172 | 15.698276023059694 | 0.13414634146341464 | 0.39285714285714285
7 | CACM-2389 | 15.698276023059694 | 0.13253012048192772 | 0.39285714285714285
7 | CACM-3031 | 15.681165196697489 | 0.13095238095238096 | 0.39285714285714285
7 | CACM-2216 | 15.563826044200258 | 0.12941176470588237 | 0.39285714285714285
7 | CACM-1749 | 15.441712122606038 | 0.12790697674418605 | 0.39285714285714285
7 | CACM-3078 | 15.42972675612003 | 0.12643678160919541 | 0.39285714285714285
7 | CACM-0046 | 15.414559714980433 | 0.125 | 0.39285714285714285
7 | CACM-1728 | 15.215290643094882 | 0.12359550561797752 | 0.39285714285714285
7 | CACM-3032 | 14.870678863640315 | 0.12222222222222222 | 0.39285714285714285
7 | CACM-2111 | 14.741774392437188 | 0.12087912087912088 | 0.39285714285714285
7 | CACM-2940 | 14.436117562683936 | 0.11956521739130435 | 0.39285714285714285
7 | CACM-2657 | 14.210941125125377 | 0.11827956989247312 | 0.39285714285714285
7 | CACM-0243 | 14.155590081779877 | 0.11702127659574468 | 0.39285714285714285
7 | CACM-1886 | 13.596972721299704 | 0.11578947368421053 | 0.39285714285714285
7 | CACM-2035 | 13.596972721299704 | 0.11458333333333333 | 0.39285714285714285
7 | CACM-2142 | 13.596972721299704 | 0.1134020618556701 | 0.39285714285714285
7 | CACM-2454 | 13.596972721299704 | 0.11224489795918367 | 0.39285714285714285
7 | CACM-2838 | 13.596972721299704 | 0.1111111111111111 | 0.39285714285714285
7 | CACM-3127 | 13.499242995602525 | 0.11 | 0.39285714285714285
