queryId | docId | score | precision | recall
58 | CACM-1366 | 84.8871680788564 | 0.0 | 0.0
58 | CACM-3138 | 79.97557818036734 | 0.0 | 0.0
58 | CACM-2002 | 69.09597811225012 | 0.0 | 0.0
58 | CACM-1856 | 67.90313332660489 | 0.0 | 0.0
58 | CACM-2470 | 67.22897469530099 | 0.0 | 0.0
58 | CACM-1665 | 67.073281078323 | 0.0 | 0.0
58 | CACM-3087 | 66.57368717134044 | 0.0 | 0.0
58 | CACM-2931 | 66.42130263720426 | 0.0 | 0.0
58 | CACM-1709 | 65.4341678372463 | 0.1111111111111111 | 0.03333333333333333
58 | CACM-2634 | 63.7998299473403 | 0.2 | 0.06666666666666667
58 | CACM-3049 | 59.784888098950624 | 0.18181818181818182 | 0.06666666666666667
58 | CACM-1695 | 59.495137137387445 | 0.16666666666666666 | 0.06666666666666667
58 | CACM-2188 | 59.20411951375312 | 0.15384615384615385 | 0.06666666666666667
58 | CACM-1691 | 59.023709628421386 | 0.21428571428571427 | 0.1
58 | CACM-1264 | 58.65707440003291 | 0.2 | 0.1
58 | CACM-1650 | 58.31768253340935 | 0.1875 | 0.1
58 | CACM-1591 | 58.27027684633344 | 0.17647058823529413 | 0.1
58 | CACM-2753 | 57.00657728211024 | 0.16666666666666666 | 0.1
58 | CACM-1946 | 56.35860596317042 | 0.15789473684210525 | 0.1
58 | CACM-1344 | 54.73655932134636 | 0.2 | 0.13333333333333333
58 | CACM-2233 | 54.56751951984707 | 0.19047619047619047 | 0.13333333333333333
58 | CACM-1698 | 54.46584372510656 | 0.18181818181818182 | 0.13333333333333333
58 | CACM-2592 | 54.05790579046886 | 0.17391304347826086 | 0.13333333333333333
58 | CACM-2993 | 53.28265564048036 | 0.16666666666666666 | 0.13333333333333333
58 | CACM-2812 | 53.15358915338305 | 0.16 | 0.13333333333333333
58 | CACM-1470 | 52.84629753622296 | 0.15384615384615385 | 0.13333333333333333
58 | CACM-3077 | 52.49020165885276 | 0.14814814814814814 | 0.13333333333333333
58 | CACM-1747 | 52.17234095347617 | 0.14285714285714285 | 0.13333333333333333
58 | CACM-3142 | 51.552372187905604 | 0.13793103448275862 | 0.13333333333333333
58 | CACM-2849 | 51.411972893119994 | 0.13333333333333333 | 0.13333333333333333
58 | CACM-2786 | 50.549714925999886 | 0.12903225806451613 | 0.13333333333333333
58 | CACM-1844 | 50.367130990454356 | 0.125 | 0.13333333333333333
58 | CACM-3002 | 50.17290835960419 | 0.12121212121212122 | 0.13333333333333333
58 | CACM-2216 | 49.980857738885064 | 0.11764705882352941 | 0.13333333333333333
58 | CACM-2217 | 49.908111487505685 | 0.11428571428571428 | 0.13333333333333333
58 | CACM-3166 | 49.883479743631476 | 0.1388888888888889 | 0.16666666666666666
58 | CACM-1474 | 49.55823592105167 | 0.13513513513513514 | 0.16666666666666666
58 | CACM-2145 | 48.79042502497399 | 0.13157894736842105 | 0.16666666666666666
58 | CACM-2289 | 48.574571737503824 | 0.1282051282051282 | 0.16666666666666666
58 | CACM-3047 | 48.49934317514168 | 0.125 | 0.16666666666666666
58 | CACM-1978 | 47.58925278133383 | 0.12195121951219512 | 0.16666666666666666
58 | CACM-2035 | 47.504120275986956 | 0.11904761904761904 | 0.16666666666666666
58 | CACM-1827 | 46.175108345150065 | 0.11627906976744186 | 0.16666666666666666
58 | CACM-1637 | 46.014539179132925 | 0.11363636363636363 | 0.16666666666666666
58 | CACM-2344 | 45.7539023699736 | 0.1111111111111111 | 0.16666666666666666
58 | CACM-1727 | 45.67078541784672 | 0.10869565217391304 | 0.16666666666666666
58 | CACM-2314 | 45.58087054863817 | 0.10638297872340426 | 0.16666666666666666
58 | CACM-2542 | 45.2500243198034 | 0.10416666666666667 | 0.16666666666666666
58 | CACM-1012 | 44.98027952926205 | 0.10204081632653061 | 0.16666666666666666
58 | CACM-1874 | 44.67228289972325 | 0.1 | 0.16666666666666666
58 | CACM-2525 | 44.57852934778191 | 0.09803921568627451 | 0.16666666666666666
58 | CACM-2697 | 44.21464472153693 | 0.09615384615384616 | 0.16666666666666666
58 | CACM-2484 | 44.02487156687077 | 0.09433962264150944 | 0.16666666666666666
58 | CACM-2198 | 43.833433556126465 | 0.09259259259259259 | 0.16666666666666666
58 | CACM-1609 | 43.53055545864352 | 0.09090909090909091 | 0.16666666666666666
58 | CACM-1423 | 43.430269361715965 | 0.08928571428571429 | 0.16666666666666666
58 | CACM-0695 | 43.402894617170965 | 0.08771929824561403 | 0.16666666666666666
58 | CACM-2722 | 43.31402662426692 | 0.08620689655172414 | 0.16666666666666666
58 | CACM-2978 | 43.289326723568905 | 0.0847457627118644 | 0.16666666666666666
58 | CACM-1680 | 43.043661187697076 | 0.08333333333333333 | 0.16666666666666666
58 | CACM-1519 | 42.855560285938544 | 0.08196721311475409 | 0.16666666666666666
58 | CACM-2645 | 42.83070631382503 | 0.08064516129032258 | 0.16666666666666666
58 | CACM-1066 | 42.73639546386187 | 0.07936507936507936 | 0.16666666666666666
58 | CACM-1379 | 42.58450368059816 | 0.078125 | 0.16666666666666666
58 | CACM-2670 | 42.324434493485356 | 0.07692307692307693 | 0.16666666666666666
58 | CACM-2534 | 42.31764582109509 | 0.07575757575757576 | 0.16666666666666666
58 | CACM-2828 | 42.17709846131269 | 0.07462686567164178 | 0.16666666666666666
58 | CACM-2342 | 41.738247358200816 | 0.07352941176470588 | 0.16666666666666666
58 | CACM-1862 | 41.38716681303381 | 0.07246376811594203 | 0.16666666666666666
58 | CACM-2046 | 41.046201015239085 | 0.07142857142857142 | 0.16666666666666666
58 | CACM-2092 | 40.94327641839571 | 0.07042253521126761 | 0.16666666666666666
58 | CACM-1433 | 40.942513645395394 | 0.06944444444444445 | 0.16666666666666666
58 | CACM-2771 | 40.81883215247568 | 0.0684931506849315 | 0.16666666666666666
58 | CACM-2003 | 40.768287640863086 | 0.06756756756756757 | 0.16666666666666666
58 | CACM-1631 | 40.68367099125813 | 0.08 | 0.2
58 | CACM-1605 | 40.6819245901035 | 0.07894736842105263 | 0.2
58 | CACM-1252 | 40.65281912362225 | 0.07792207792207792 | 0.2
58 | CACM-3015 | 40.58909725858637 | 0.07692307692307693 | 0.2
58 | CACM-1719 | 40.58574184058768 | 0.0759493670886076 | 0.2
58 | CACM-2402 | 40.56325928487895 | 0.075 | 0.2
58 | CACM-1032 | 40.412727874871926 | 0.07407407407407407 | 0.2
58 | CACM-2167 | 40.3735603671237 | 0.07317073170731707 | 0.2
58 | CACM-0675 | 40.175078897101834 | 0.07228915662650602 | 0.2
58 | CACM-2692 | 39.930019585395954 | 0.07142857142857142 | 0.2
58 | CACM-1455 | 39.6968701647426 | 0.07058823529411765 | 0.2
58 | CACM-2767 | 39.46804062872856 | 0.06976744186046512 | 0.2
58 | CACM-1697 | 39.41256411615346 | 0.06896551724137931 | 0.2
58 | CACM-1206 | 39.382454732755946 | 0.06818181818181818 | 0.2
58 | CACM-2979 | 39.37630614178633 | 0.06741573033707865 | 0.2
58 | CACM-2106 | 39.35820645192673 | 0.06666666666666667 | 0.2
58 | CACM-3147 | 38.99943437453705 | 0.06593406593406594 | 0.2
58 | CACM-2317 | 38.63203641619417 | 0.06521739130434782 | 0.2
58 | CACM-2263 | 38.620146347329424 | 0.06451612903225806 | 0.2
58 | CACM-2851 | 38.60125328532645 | 0.06382978723404255 | 0.2
58 | CACM-2319 | 38.563661520699576 | 0.06315789473684211 | 0.2
58 | CACM-1398 | 38.53209987997684 | 0.07291666666666667 | 0.23333333333333334
58 | CACM-2194 | 38.52449646878569 | 0.07216494845360824 | 0.23333333333333334
58 | CACM-2986 | 38.39080178605117 | 0.07142857142857142 | 0.23333333333333334
58 | CACM-1188 | 38.27699474302402 | 0.0707070707070707 | 0.23333333333333334
58 | CACM-0944 | 38.203882541012774 | 0.07 | 0.23333333333333334
